"","p_val","avg_diff","pct.1","pct.2","cluster","gene"
"S100A8",0,2.59322014627075,0.865,0.092,"0","S100A8"
"CCL2",0,2.57607001826024,0.528,0.065,"0","CCL2"
"S100A9",0,2.49370987411424,0.812,0.085,"0","S100A9"
"IL8",0,2.36157866391293,0.916,0.165,"0","IL8"
"FTL",0,1.90095140055848,1,0.922,"0","FTL"
"C15orf48",0,1.74357696404531,0.979,0.226,"0","C15orf48"
"CD14",0,1.72554985810065,0.799,0.135,"0","CD14"
"S100A4",0,1.61758936289903,0.953,0.299,"0","S100A4"
"CD63",0,1.57782209592644,0.994,0.386,"0","CD63"
"CTSB",0,1.57724328344551,0.868,0.206,"0","CTSB"
"ANXA5",0,1.56092797315697,0.985,0.365,"0","ANXA5"
"PLA2G7",0,1.53932782911221,0.683,0.087,"0","PLA2G7"
"LGALS3",0,1.53205101139579,0.954,0.314,"0","LGALS3"
"PLAUR",0,1.50070719384262,0.859,0.202,"0","PLAUR"
"CTSL",0,1.49468981117945,0.662,0.151,"0","CTSL"
"LGALS1",0,1.47395507236982,0.981,0.352,"0","LGALS1"
"TYROBP",0,1.45989073963206,0.994,0.283,"0","TYROBP"
"IER3",0,1.43942847422661,0.616,0.088,"0","IER3"
"VCAN",0,1.43612822578652,0.502,0.05,"0","VCAN"
"CLEC5A",0,1.41473591133879,0.593,0.062,"0","CLEC5A"
"MARCKSL1",0,1.4145362226636,0.902,0.282,"0","MARCKSL1"
"FCER1G",0,1.40798369593216,0.99,0.284,"0","FCER1G"
"SOD2",0,1.40313669632206,0.959,0.307,"0","SOD2"
"TIMP1",0,1.36274962668333,0.998,0.383,"0","TIMP1"
"NPC2",0,1.36071244913067,0.94,0.317,"0","NPC2"
"GPX1",0,1.32806531148687,0.9,0.289,"0","GPX1"
"S100A10",0,1.31008759203484,0.992,0.538,"0","S100A10"
"FCN1",0,1.30787945508421,0.674,0.12,"0","FCN1"
"LYZ",0,1.29812166542077,0.818,0.181,"0","LYZ"
"MAFB",0,1.28244074392496,0.618,0.109,"0","MAFB"
"TYMP",0,1.2554517356909,0.956,0.304,"0","TYMP"
"MGST1",0,1.25367421117389,0.489,0.052,"0","MGST1"
"ANXA2",0,1.22768526108507,0.963,0.389,"0","ANXA2"
"PSAP",0,1.20444288754388,0.953,0.372,"0","PSAP"
"S100A6",0,1.19608997831705,0.99,0.565,"0","S100A6"
"CD68",0,1.16079381379395,0.737,0.174,"0","CD68"
"KYNU",0,1.15753717085732,0.799,0.209,"0","KYNU"
"CSTB",0,1.14784912206491,0.823,0.377,"0","CSTB"
"GRN",0,1.14574780662452,0.661,0.161,"0","GRN"
"ATP6V1F",0,1.12522175572267,0.94,0.455,"0","ATP6V1F"
"LIMS1",0,1.1211597216907,0.761,0.23,"0","LIMS1"
"ATP6V0B",0,1.11823882470075,0.941,0.412,"0","ATP6V0B"
"S100A11",0,1.10120658742275,0.997,0.593,"0","S100A11"
"SPI1",0,1.0951336898815,0.825,0.226,"0","SPI1"
"CFP",0,1.09024097858112,0.649,0.153,"0","CFP"
"GSTO1",0,1.06264526879524,0.89,0.376,"0","GSTO1"
"RAC1",0,1.06003033900624,0.934,0.37,"0","RAC1"
"CEBPB",0,1.05740796418398,0.79,0.284,"0","CEBPB"
"SDCBP",0,1.05262686085026,0.903,0.387,"0","SDCBP"
"GPX4",0,0.892534442624249,0.88,0.453,"0","GPX4"
"SH3BGRL3",0,0.888243019620204,0.999,0.812,"0","SH3BGRL3"
"GAPDH",0,0.872850840274266,0.997,0.735,"0","GAPDH"
"SAT1",0,0.868798887670043,0.966,0.456,"0","SAT1"
"EMP3",0,0.844926287165854,0.991,0.71,"0","EMP3"
"CLIC1",0,0.838187255957962,0.947,0.487,"0","CLIC1"
"CST3",0,0.836826770538568,0.851,0.229,"0","CST3"
"VIM",0,0.822202229815915,0.988,0.764,"0","VIM"
"ARPC1B",0,0.798501597643214,0.959,0.562,"0","ARPC1B"
"ACTB",0,0.719378706995689,0.998,0.905,"0","ACTB"
"PFN1",0,0.713689272690522,0.998,0.872,"0","PFN1"
"MYL6",0,0.652955190749171,0.995,0.882,"0","MYL6"
"OAZ1",0,0.629932603357426,0.999,0.879,"0","OAZ1"
"HLA-DRA",0,0.459497587955266,0.976,0.408,"0","HLA-DRA"
"HLA-DRB1",0,0.387825344786294,0.9,0.389,"0","HLA-DRB1"
"PKM",1.62682439854096e-315,0.806470497699959,0.912,0.482,"0","PKM"
"C5AR1",7.64769291303187e-314,1.12052525881838,0.489,0.072,"0","C5AR1"
"RP11-290F20.3",1.54009612742163e-313,0.992931782466105,0.579,0.123,"0","RP11-290F20.3"
"SLC7A11",7.3303335766095e-313,1.09171111102453,0.487,0.07,"0","SLC7A11"
"CXCL3",1.11401618715154e-306,1.98208890288449,0.415,0.045,"0","CXCL3"
"OLR1",3.11540214544801e-301,1.08963636271837,0.517,0.093,"0","OLR1"
"IGSF6",7.56818320427738e-299,1.09068479625664,0.566,0.122,"0","IGSF6"
"NINJ1",3.24363372748716e-293,0.994887120269929,0.65,0.186,"0","NINJ1"
"THBS1",4.24403011016359e-293,1.24927160933186,0.403,0.04,"0","THBS1"
"TALDO1",1.81147263984022e-292,0.914694545441592,0.796,0.336,"0","TALDO1"
"LMNA",7.20240783286582e-292,0.73477857235593,0.635,0.186,"0","LMNA"
"CYBA",1.67790243390535e-289,0.635481274856843,0.98,0.707,"0","CYBA"
"NCF2",5.99665287817457e-277,1.00011067811363,0.513,0.103,"0","NCF2"
"IL1B",8.21757729954025e-277,1.75824231554155,0.436,0.067,"0","IL1B"
"CYP1B1",3.33468171964887e-275,1.24237980661318,0.448,0.067,"0","CYP1B1"
"LST1",1.31265194343001e-274,0.566410089113565,0.593,0.184,"0","LST1"
"COTL1",1.30406295140421e-273,0.680730522001933,0.797,0.335,"0","COTL1"
"CXCL2",1.07543130446812e-270,1.38809266198743,0.392,0.046,"0","CXCL2"
"CD300E",4.13314408034344e-270,1.0433818207988,0.463,0.079,"0","CD300E"
"CAPG",7.30745580098757e-270,1.01183079540699,0.596,0.162,"0","CAPG"
"NFKBIA",2.15381844633512e-266,0.896478970702285,0.852,0.445,"0","NFKBIA"
"CTSD",8.46971779675112e-266,1.04465845550412,0.535,0.121,"0","CTSD"
"SRGN",3.48979923565224e-265,0.599090134446139,0.99,0.779,"0","SRGN"
"PID1",7.46372440044952e-262,0.950201495990016,0.426,0.062,"0","PID1"
"CARD16",1.8049902588355e-257,0.829328246277628,0.715,0.266,"0","CARD16"
"PPIF",1.49060472174694e-253,1.096624511368,0.459,0.085,"0","PPIF"
"TGFBI",2.38975541158844e-252,1.02694570417724,0.389,0.05,"0","TGFBI"
"TPM4",3.68013048075715e-252,0.904790410078284,0.587,0.164,"0","TPM4"
"S100A12",2.36726047561165e-249,1.0822763670275,0.292,0.015,"0","S100A12"
"HPSE",9.77524131185201e-247,1.06761006699799,0.33,0.028,"0","HPSE"
"IFI30",2.07844616182449e-238,0.941188090737111,0.507,0.121,"0","IFI30"
"CYBB",6.78357055386233e-236,0.899784553297154,0.511,0.124,"0","CYBB"
"APLP2",3.70669830738602e-234,0.922675331325963,0.506,0.122,"0","APLP2"
"CLEC4E",6.30054900464608e-232,0.983959766748145,0.344,0.037,"0","CLEC4E"
"DUSP1",5.15081134444041e-226,0.862491403987597,0.582,0.178,"0","DUSP1"
"AIF1",2.13636878855097e-220,0.594287854454516,0.527,0.163,"0","AIF1"
"FNDC3B",1.30997122780821e-218,0.894750453714792,0.368,0.056,"0","FNDC3B"
"CTSS",6.71018297311651e-215,0.555656068553191,0.714,0.308,"0","CTSS"
"LILRB4",6.99669191855891e-213,0.90616453021087,0.416,0.083,"0","LILRB4"
"DYNLL1",7.6104384377138e-210,0.713641156451177,0.823,0.448,"0","DYNLL1"
"CXCL16",2.81815230239408e-205,0.426665381141684,0.53,0.195,"0","CXCL16"
"CTB-61M7.2",5.77792445576884e-204,0.844847233726905,0.277,0.022,"0","CTB-61M7.2"
"MS4A7",4.07517154560204e-203,0.253493937554234,0.466,0.17,"0","MS4A7"
"SLC16A3",7.84354839262305e-202,0.737658493875695,0.558,0.18,"0","SLC16A3"
"ENG",3.47317972361123e-201,0.858552935648016,0.38,0.07,"0","ENG"
"PDLIM7",6.74802712338198e-201,0.912565092191237,0.381,0.074,"0","PDLIM7"
"ANPEP",2.93687344419482e-199,0.852359801138562,0.333,0.049,"0","ANPEP"
"AP1S2",6.03159214257194e-197,0.799094459272806,0.592,0.214,"0","AP1S2"
"GAPT",1.16196932967622e-195,0.880488860781142,0.421,0.093,"0","GAPT"
"FCGRT",4.57615083127722e-192,0.851371858046757,0.393,0.081,"0","FCGRT"
"CD9",3.54146680256538e-191,0.900861278155382,0.421,0.096,"0","CD9"
"DUSP6",3.75050925076872e-188,0.840693702898093,0.309,0.041,"0","DUSP6"
"EIF1",4.70323146079281e-185,0.257942479021361,0.999,0.949,"0","EIF1"
"SLC43A2",5.7662969055932e-185,0.840906886925004,0.41,0.095,"0","SLC43A2"
"C3AR1",7.14521604764338e-183,0.581496868083268,0.474,0.15,"0","C3AR1"
"SPHK1",1.86855102210536e-182,0.783044014330373,0.334,0.054,"0","SPHK1"
"CFD",3.21371427441929e-182,0.645123021678986,0.437,0.121,"0","CFD"
"SQRDL",2.2600911647567e-180,0.735327937580072,0.52,0.167,"0","SQRDL"
"OSM",9.38363534644085e-177,0.985972692750577,0.269,0.03,"0","OSM"
"PRDX1",2.80889461770617e-176,0.592914409696965,0.758,0.384,"0","PRDX1"
"SERPINA1",2.8366262598678e-175,0.606620652445359,0.423,0.119,"0","SERPINA1"
"GRB2",8.17538320941565e-175,0.679832758189791,0.612,0.245,"0","GRB2"
"HSBP1",2.68620928799954e-173,0.69562302466321,0.589,0.228,"0","HSBP1"
"PHLDA1",7.5906817221131e-170,0.886107815766395,0.415,0.105,"0","PHLDA1"
"GLUL",1.58544235408037e-169,0.777120365008061,0.478,0.146,"0","GLUL"
"RNF130",4.94867820232648e-166,0.80232993855667,0.445,0.128,"0","RNF130"
"ARPC5",7.21709681667319e-166,0.535276617584659,0.842,0.512,"0","ARPC5"
"NEAT1",2.5617175069695e-165,0.63529956459425,0.719,0.361,"0","NEAT1"
"GABARAP",2.71151325363856e-164,0.662662859619945,0.551,0.204,"0","GABARAP"
"C20orf24",2.09460996909939e-163,0.638367999018675,0.634,0.275,"0","C20orf24"
"ARPC2",2.80939947437943e-161,0.428151115493931,0.972,0.791,"0","ARPC2"
"BID",1.03235905755414e-160,0.537090491942931,0.56,0.224,"0","BID"
"RAB13",3.03780186305816e-160,0.747371328856191,0.312,0.054,"0","RAB13"
"BRI3",6.18186822924042e-160,0.783787309511295,0.417,0.116,"0","BRI3"
"RTN4",1.24456769167497e-159,0.657627417115291,0.608,0.257,"0","RTN4"
"ALDOA",1.93481825631658e-159,0.554646370086121,0.734,0.379,"0","ALDOA"
"INSIG1",2.32539456040825e-156,0.784194950605127,0.5,0.172,"0","INSIG1"
"PILRA",1.03969538055166e-154,0.584421973824987,0.42,0.13,"0","PILRA"
"CCR1",1.93141754745839e-151,0.703447058178469,0.265,0.037,"0","CCR1"
"ATP6V1B2",2.31844059312545e-151,0.686705847024504,0.439,0.134,"0","ATP6V1B2"
"TMBIM6",5.83072510073401e-151,0.434543660746305,0.954,0.728,"0","TMBIM6"
"HMOX1",7.6447454789937e-150,0.835601824466753,0.388,0.104,"0","HMOX1"
"ACTG1",1.90752874138452e-146,0.39580999947037,0.903,0.608,"0","ACTG1"
"PPP4C",2.41230698838311e-146,0.511373470974138,0.738,0.401,"0","PPP4C"
"LGMN",9.91420333039855e-146,0.725800334969142,0.344,0.079,"0","LGMN"
"FPR1",1.53033265367945e-143,0.821403278047834,0.284,0.052,"0","FPR1"
"ANXA1",2.73702280435755e-141,0.362098493717039,0.929,0.654,"0","ANXA1"
"RAB10",3.37563361929718e-140,0.643025647178521,0.516,0.199,"0","RAB10"
"FLNA",2.40867587338622e-138,0.65158073020509,0.406,0.123,"0","FLNA"
"VRK2",4.09954931652348e-138,0.717637453350608,0.337,0.081,"0","VRK2"
"QPCT",1.72885518646265e-137,0.719313088951813,0.278,0.049,"0","QPCT"
"PPP1R15A",4.1151061537983e-137,0.582384038457757,0.438,0.15,"0","PPP1R15A"
"ARPC3",9.19082117747416e-137,0.386795176772072,0.916,0.645,"0","ARPC3"
"CFL1",2.71462239098399e-132,0.416446963105166,0.928,0.691,"0","CFL1"
"PDE4DIP",3.41547198804123e-131,0.669944604120591,0.296,0.062,"0","PDE4DIP"
"PGD",8.02344024492726e-130,0.671270809225052,0.331,0.083,"0","PGD"
"CASP1",2.10626049268903e-129,0.54782071092196,0.492,0.196,"0","CASP1"
"LAPTM5",1.45925911926312e-126,0.422203978631427,0.879,0.602,"0","LAPTM5"
"FUCA1",1.62124875906948e-125,0.835081567319343,0.293,0.065,"0","FUCA1"
"STXBP2",2.16286990793594e-125,0.528109064702322,0.491,0.2,"0","STXBP2"
"SQSTM1",1.30959746032166e-122,0.457644156561529,0.625,0.316,"0","SQSTM1"
"ATF5",6.39551866823446e-121,0.676008575308758,0.27,0.056,"0","ATF5"
"CLTA",1.04694163186383e-120,0.486581262396298,0.579,0.276,"0","CLTA"
"TSPO",2.52188082956884e-119,0.541791047023799,0.529,0.235,"0","TSPO"
"HCK",9.49078496216646e-119,0.639378995315095,0.338,0.097,"0","HCK"
"TLR2",1.0718617370985e-118,0.645028627122474,0.261,0.052,"0","TLR2"
"ATP6V0E1",2.79866617494049e-118,0.374576082983805,0.859,0.583,"0","ATP6V0E1"
"RHOA",2.10201046579691e-117,0.44732886808885,0.726,0.421,"0","RHOA"
"RIT1",2.36277326458446e-115,0.595137171242208,0.305,0.079,"0","RIT1"
"RAB32",2.59855303944349e-115,0.649082623864721,0.303,0.077,"0","RAB32"
"METTL9",4.65176695582813e-115,0.60168494799197,0.484,0.202,"0","METTL9"
"PLIN2",7.83802334877459e-115,0.7184282001547,0.387,0.132,"0","PLIN2"
"MXD1",1.90167210079913e-114,0.658461557408998,0.253,0.051,"0","MXD1"
"IFNGR2",1.1802513732088e-112,0.598286024696642,0.439,0.168,"0","IFNGR2"
"LACTB",1.77944882307345e-112,0.58698233048325,0.426,0.159,"0","LACTB"
"C1orf122",2.82473533310363e-112,0.670781736405184,0.309,0.082,"0","C1orf122"
"SERF2",9.16649413670152e-112,0.332868500141117,0.975,0.829,"0","SERF2"
"PTPRE",2.40188485613145e-110,0.610741818906605,0.292,0.075,"0","PTPRE"
"C1orf162",1.36007575267459e-109,0.648260985913215,0.417,0.155,"0","C1orf162"
"FOS",8.74073910780636e-108,0.638822340941614,0.297,0.079,"0","FOS"
"PDXK",1.71234805991446e-106,0.541290117742383,0.274,0.069,"0","PDXK"
"FLOT1",5.07095614714036e-106,0.584908071592314,0.348,0.112,"0","FLOT1"
"PTGER2",1.41717827627344e-105,0.597528888492126,0.258,0.058,"0","PTGER2"
"ASAH1",2.50072689407547e-105,0.546219460344236,0.397,0.147,"0","ASAH1"
"GNA15",3.37048608079031e-104,0.616738521349872,0.264,0.064,"0","GNA15"
"ZEB2",4.36575204436182e-104,0.591343952359379,0.297,0.082,"0","ZEB2"
"DYNLT1",6.34730177906215e-104,0.422764849150034,0.578,0.298,"0","DYNLT1"
"SPCS3",2.106415869468e-102,0.488231298413187,0.387,0.146,"0","SPCS3"
"PLSCR1",4.28316566599706e-102,0.53407284612061,0.423,0.17,"0","PLSCR1"
"TXNRD1",4.88772447119817e-102,0.589159281049944,0.308,0.09,"0","TXNRD1"
"PSENEN",1.13193155684457e-101,0.515891178475644,0.432,0.175,"0","PSENEN"
"NOP10",2.39070664463032e-101,0.345062307783727,0.691,0.419,"0","NOP10"
"SLC3A2",4.87142237872519e-101,0.317815768631741,0.664,0.389,"0","SLC3A2"
"FERMT3",1.07146076405729e-100,0.525628586572858,0.397,0.152,"0","FERMT3"
"EIF4E2",1.08726188079927e-100,0.53150039682598,0.444,0.184,"0","EIF4E2"
"ATP6V0D1",9.92151755789129e-100,0.499872673569097,0.427,0.175,"0","ATP6V0D1"
"GNG5",5.38295032779368e-99,0.353207743096174,0.637,0.37,"0","GNG5"
"CREG1",3.66857454036717e-98,0.557651996407753,0.269,0.07,"0","CREG1"
"PLIN3",1.84225728133413e-97,0.527090203907716,0.27,0.072,"0","PLIN3"
"CALR",3.39734539906579e-97,0.498070778745607,0.444,0.19,"0","CALR"
"RAB5C",1.16510348749116e-96,0.391818718894896,0.538,0.276,"0","RAB5C"
"IL13RA1",3.24377025330895e-96,0.575141112062856,0.265,0.069,"0","IL13RA1"
"PLEK",6.09201062642684e-96,0.522763564457197,0.367,0.137,"0","PLEK"
"CASP4",8.0557050473289e-96,0.460785925799942,0.517,0.252,"0","CASP4"
"LILRB2",2.42607263164542e-94,0.542462501810662,0.283,0.08,"0","LILRB2"
"SFT2D1",1.633783583296e-92,0.445880607231699,0.434,0.192,"0","SFT2D1"
"SLC39A8",3.85400630387583e-92,0.612244175795155,0.27,0.074,"0","SLC39A8"
"ATP6V1C1",4.55659952965035e-92,0.497613926743525,0.276,0.081,"0","ATP6V1C1"
"CD48",1.39588865643733e-89,0.529637140805743,0.559,0.297,"0","CD48"
"UQCRC1",1.7853823213659e-89,0.445777886841544,0.426,0.189,"0","UQCRC1"
"SPPL2A",2.29309260005915e-89,0.506933071657682,0.354,0.132,"0","SPPL2A"
"TCIRG1",1.06609709891516e-88,0.532612466476817,0.276,0.081,"0","TCIRG1"
"BAX",3.49288430454074e-88,0.344328958273947,0.474,0.24,"0","BAX"
"LEPROT",4.78748441306295e-88,0.522549464052398,0.285,0.087,"0","LEPROT"
"PEA15",6.44187843079468e-88,0.525147782963413,0.313,0.107,"0","PEA15"
"GNB2",9.908194441844e-86,0.458973823921642,0.385,0.16,"0","GNB2"
"CTSH",7.25627879650841e-85,0.506403184189411,0.356,0.138,"0","CTSH"
"VASP",1.12384192574303e-84,0.389013796243453,0.437,0.208,"0","VASP"
"MOB1A",2.26700465984354e-83,0.408223373129865,0.488,0.247,"0","MOB1A"
"SHFM1",1.23498072136175e-82,0.348456842692318,0.453,0.227,"0","SHFM1"
"SHKBP1",4.60933336921193e-81,0.478946320332417,0.385,0.163,"0","SHKBP1"
"H2AFY",1.06679142185956e-80,0.399782550115443,0.435,0.209,"0","H2AFY"
"COMMD5",1.81018105396523e-80,0.409437535882624,0.29,0.107,"0","COMMD5"
"MBOAT7",2.90391407955951e-80,0.522581862419977,0.259,0.078,"0","MBOAT7"
"GLRX",1.18586245514999e-79,0.503814365623079,0.45,0.218,"0","GLRX"
"C9orf89",1.28934885996123e-79,0.382520584960515,0.307,0.121,"0","C9orf89"
"FAM49B",2.56450051983559e-79,0.34799488664422,0.536,0.297,"0","FAM49B"
"RALA",1.01358817479544e-78,0.373912111821884,0.501,0.266,"0","RALA"
"TNFRSF1A",2.87977903446669e-78,0.495272952477799,0.253,0.077,"0","TNFRSF1A"
"CHMP2A",8.76110596550113e-78,0.299076578991001,0.471,0.254,"0","CHMP2A"
"IL4I1",3.85469609996848e-77,0.503070684211756,0.257,0.08,"0","IL4I1"
"ATOX1",3.78748608250288e-76,0.4728321012967,0.317,0.12,"0","ATOX1"
"ACP5",2.00323136532005e-75,0.486533015461781,0.262,0.087,"0","ACP5"
"ADA",6.34803476342218e-75,0.370719476207827,0.413,0.202,"0","ADA"
"CCL3",1.44461478181349e-74,0.881592561989545,0.26,0.082,"0","CCL3"
"HEXB",6.26486786778707e-74,0.457734216564298,0.349,0.145,"0","HEXB"
"SAT2",1.07034552889901e-73,0.422249841367354,0.302,0.117,"0","SAT2"
"OAZ2",1.76623395178346e-73,0.40763840613124,0.275,0.101,"0","OAZ2"
"RNF181",4.46816570170046e-73,0.350224193679876,0.41,0.204,"0","RNF181"
"TMEM167A",1.30378848644474e-72,0.482195814313123,0.316,0.122,"0","TMEM167A"
"AP2S1",3.47494854873033e-72,0.348567908531333,0.468,0.249,"0","AP2S1"
"RHEB",1.59744845222575e-71,0.34118173916474,0.431,0.222,"0","RHEB"
"RAB1A",7.94136557367842e-71,0.332512753147904,0.321,0.143,"0","RAB1A"
"LAMTOR4",2.31049156681153e-70,0.293036592397847,0.504,0.29,"0","LAMTOR4"
"LAMTOR1",4.46560165367812e-68,0.289084186320708,0.471,0.265,"0","LAMTOR1"
"PSME2",1.4633418125392e-67,0.294780106354675,0.729,0.521,"0","PSME2"
"COX8A",7.97408229990253e-66,0.291364027733702,0.468,0.265,"0","COX8A"
"SPG21",6.02653031236401e-65,0.288328125818694,0.374,0.193,"0","SPG21"
"RAB7A",1.85603199890583e-64,0.323713135597209,0.463,0.258,"0","RAB7A"
"NAMPT",3.32724918558666e-64,0.442841002806531,0.306,0.125,"0","NAMPT"
"GPSM3",9.99166112651225e-63,0.260359992357495,0.521,0.322,"0","GPSM3"
"MGAT1",1.36856698448468e-62,0.339348269217323,0.292,0.128,"0","MGAT1"
"HMGA1",1.82063745327693e-62,0.387665301488202,0.411,0.21,"0","HMGA1"
"SCAND1",3.20802671074518e-61,0.262796068547172,0.406,0.225,"0","SCAND1"
"PSMA3",2.15304222186211e-60,0.272171610558331,0.428,0.243,"0","PSMA3"
"ARRB2",6.34344292126756e-60,0.283611412116161,0.376,0.199,"0","ARRB2"
"IFNGR1",1.4997911831518e-57,0.287809057933798,0.353,0.183,"0","IFNGR1"
"NANS",2.37028499248046e-57,0.314124946858687,0.312,0.149,"0","NANS"
"WTAP",1.58277855488066e-56,0.475679304136558,0.382,0.197,"0","WTAP"
"ENY2",7.55033881871574e-56,0.252694326849019,0.407,0.233,"0","ENY2"
"CKLF",3.84390805338509e-55,0.433989619122307,0.321,0.148,"0","CKLF"
"UBE2A",7.63354031241305e-55,0.254858370012051,0.343,0.184,"0","UBE2A"
"NDUFA12",6.77534955635304e-54,0.314402053061052,0.557,0.36,"0","NDUFA12"
"YWHAH",1.09914428846284e-53,0.335502486028309,0.346,0.175,"0","YWHAH"
"FGL2",6.65564373128503e-53,0.342365898057388,0.293,0.136,"0","FGL2"
"POLD4",1.26006893890101e-52,0.279841151865245,0.401,0.227,"0","POLD4"
"KIF5B",2.17167468045873e-51,0.27032139283887,0.304,0.154,"0","KIF5B"
"TWF2",1.0096277134242e-50,0.309604111755208,0.289,0.138,"0","TWF2"
"ATG3",5.13205183905681e-50,0.263558752928908,0.364,0.202,"0","ATG3"
"ACTR2",1.63294325187451e-48,0.293799899001094,0.331,0.175,"0","ACTR2"
"TNFRSF1B",3.0265797484115e-48,0.367396578578426,0.254,0.108,"0","TNFRSF1B"
"ADIPOR1",1.84366673653436e-46,0.264288155405887,0.262,0.129,"0","ADIPOR1"
"CD86",7.93350082443104e-46,0.324223817227936,0.28,0.137,"0","CD86"
"M6PR",7.61909154446349e-45,0.278928855257833,0.319,0.169,"0","M6PR"
"NENF",4.64022145648099e-44,0.295805856185877,0.251,0.118,"0","NENF"
"WAS",1.03933805613235e-41,0.308296305027717,0.267,0.13,"0","WAS"
"RNF13",2.03673584863e-39,0.315223775350993,0.289,0.148,"0","RNF13"
"LAP3",2.7349329288584e-38,0.301911566633458,0.291,0.153,"0","LAP3"
"STX11",2.58797621357408e-36,0.302635979140511,0.268,0.138,"0","STX11"
"SDF2L1",2.69350321492102e-34,0.288043148415272,0.301,0.169,"0","SDF2L1"
"LTA4H",1.32193479248104e-32,0.258630304654663,0.275,0.152,"0","LTA4H"
"SELL1",0,1.55151815331464,0.648,0.12,"1","SELL"
"GIMAP71",0,1.41492827584056,0.854,0.266,"1","GIMAP7"
"LTB1",0,1.3267881050445,0.808,0.248,"1","LTB"
"TMEM661",0,1.02840706353473,0.962,0.699,"1","TMEM66"
"RPS15A1",0,0.819183444044309,0.994,0.917,"1","RPS15A"
"RPL311",0,0.806640704119829,0.987,0.911,"1","RPL31"
"RPS51",0,0.779565258894535,0.982,0.853,"1","RPS5"
"RPS271",0,0.760252616709974,0.998,0.937,"1","RPS27"
"RPL35A",0,0.718632414982701,0.991,0.926,"1","RPL35A"
"RPL9",1.14555373967991e-310,0.716995399042374,0.992,0.939,"1","RPL9"
"CCR71",1.51290181581407e-308,1.06553466669844,0.86,0.301,"1","CCR7"
"CD3D1",7.31259308189412e-297,1.27410791671102,0.745,0.201,"1","CD3D"
"RPL181",1.54958758590993e-286,0.713201882462032,0.98,0.899,"1","RPL18"
"LDHB1",3.05008801896986e-278,1.18782788727141,0.787,0.3,"1","LDHB"
"RPS81",2.22505207826446e-272,0.715936446102015,0.973,0.898,"1","RPS8"
"RPL10A1",3.21556047454527e-267,0.757993451011365,0.966,0.827,"1","RPL10A"
"RPL30",1.54190913642531e-254,0.670905299078191,0.977,0.919,"1","RPL30"
"RPL23A1",5.38979315194558e-244,0.591244072686704,0.99,0.94,"1","RPL23A"
"RPL27A",3.24326633307948e-243,0.634728104082343,0.982,0.924,"1","RPL27A"
"RPS23",6.93698401345267e-243,0.677196402376884,0.983,0.915,"1","RPS23"
"RPSA1",1.07292481359097e-241,0.780515586982015,0.938,0.684,"1","RPSA"
"RPS251",4.48581213930227e-238,0.708460985996361,0.961,0.83,"1","RPS25"
"RPL51",1.87549789181742e-223,0.782278429205945,0.934,0.731,"1","RPL5"
"RPL141",1.11080702284117e-215,0.600896392032034,0.984,0.905,"1","RPL14"
"RPS28",4.629800426586e-212,0.6912283511086,0.893,0.769,"1","RPS28"
"RPL361",6.41078308303369e-208,0.718780402594354,0.905,0.719,"1","RPL36"
"PABPC1",5.19071102009992e-206,0.681869615462885,0.962,0.896,"1","PABPC1"
"RPL351",8.34219711560689e-204,0.643374819078877,0.943,0.791,"1","RPL35"
"RPS201",3.87688739359875e-195,0.634394913664452,0.943,0.857,"1","RPS20"
"GIMAP51",9.45578069493623e-195,1.16967537983239,0.504,0.127,"1","GIMAP5"
"LEF1",7.20835119513832e-193,1.23931274594785,0.372,0.048,"1","LEF1"
"RPS71",4.45673586766578e-191,0.54892805868662,0.979,0.925,"1","RPS7"
"RPL29",2.57374255105223e-175,0.544236953425622,0.967,0.905,"1","RPL29"
"RPLP01",2.50343195627764e-174,0.622832403237649,0.932,0.772,"1","RPLP0"
"AES",3.5921683208176e-169,1.1459035425962,0.394,0.088,"1","AES"
"GIMAP4",1.60492974418655e-167,1.15812905858271,0.457,0.128,"1","GIMAP4"
"CD521",3.25233404659472e-167,1.02854177368045,0.613,0.274,"1","CD52"
"IL7R1",3.30686318087506e-166,0.981840909883019,0.586,0.203,"1","IL7R"
"PTMA1",1.42799616269942e-163,0.354695692651528,0.99,0.908,"1","PTMA"
"OCIAD21",2.41557400026361e-162,1.01474566173189,0.581,0.191,"1","OCIAD2"
"LCK1",8.78607292200055e-161,1.07114951152345,0.485,0.127,"1","LCK"
"NPM11",1.23610628866658e-156,0.640989288047475,0.831,0.54,"1","NPM1"
"RPL7A1",1.22310268365622e-152,0.592989780846688,0.907,0.775,"1","RPL7A"
"RGS10",1.99394574471677e-152,0.81197125174707,0.543,0.344,"1","RGS10"
"CD3E",1.24654883574895e-149,1.0196521309537,0.443,0.114,"1","CD3E"
"EEF1A1",7.45626316329196e-149,0.564825092180744,0.92,0.85,"1","EEF1A1"
"PIK3IP11",3.55655539261652e-146,0.939389594352781,0.468,0.129,"1","PIK3IP1"
"CD71",1.8213770927028e-143,0.794474373375087,0.538,0.183,"1","CD7"
"CD27",4.46507699568854e-141,1.06200953831647,0.302,0.044,"1","CD27"
"RPL24",1.03218562410295e-139,0.515188362566657,0.924,0.849,"1","RPL24"
"GTF3A1",2.14628532540303e-139,0.945315708296281,0.545,0.228,"1","GTF3A"
"RPL271",1.80267758268179e-138,0.557697857865473,0.901,0.788,"1","RPL27"
"LEPROTL11",4.95745656120064e-136,0.856817546635511,0.574,0.25,"1","LEPROTL1"
"PASK",2.86243461684595e-135,1.10103744995836,0.328,0.058,"1","PASK"
"RPS261",3.82132218415085e-133,0.721905321684198,0.626,0.491,"1","RPS26"
"CD3G",4.65547706194746e-131,1.05985386683094,0.32,0.06,"1","CD3G"
"EEF1B21",2.65901656592464e-127,0.647983666393218,0.77,0.578,"1","EEF1B2"
"RPL42",1.16769417104628e-123,0.569009558203758,0.876,0.75,"1","RPL4"
"ARHGDIB1",1.90473050820395e-118,0.551844816328526,0.878,0.694,"1","ARHGDIB"
"RPL221",5.93364542533016e-118,0.668992912244681,0.573,0.386,"1","RPL22"
"LAT",1.82876478663564e-114,0.893425800648424,0.416,0.145,"1","LAT"
"RPL371",9.50909582931317e-112,0.54434406358855,0.735,0.621,"1","RPL37"
"RPS291",1.39364672983108e-110,0.652264344647151,0.597,0.403,"1","RPS29"
"C6orf481",5.7989302631378e-108,0.813117025368782,0.474,0.233,"1","C6orf48"
"RPL36A1",1.20458677237498e-102,0.565753745147753,0.684,0.528,"1","RPL36A"
"FXYD5",1.15074056959626e-100,0.549189057188249,0.721,0.583,"1","FXYD5"
"CD21",1.84919822836243e-100,0.579401763868777,0.473,0.194,"1","CD2"
"EVL1",2.26926580146525e-97,0.803739253677654,0.42,0.162,"1","EVL"
"RPL37A1",1.02240549299461e-96,0.489839102483268,0.709,0.596,"1","RPL37A"
"RPS101",9.30305604352432e-96,0.488606231438219,0.786,0.669,"1","RPS10"
"EEF21",1.24357095385218e-95,0.542551315966527,0.714,0.562,"1","EEF2"
"GLTSCR21",2.36279282919988e-95,0.621333466680547,0.651,0.464,"1","GLTSCR2"
"LIMD21",4.59966074399936e-95,0.692187258072981,0.609,0.359,"1","LIMD2"
"S1PR41",9.09552960678198e-95,0.781158992535244,0.396,0.154,"1","S1PR4"
"RPL171",4.90692338388481e-94,0.568033210929734,0.586,0.419,"1","RPL17"
"GIMAP1",9.9219299759118e-94,0.791307614670294,0.279,0.08,"1","GIMAP1"
"RGCC1",1.99317352180768e-93,0.647071323720468,0.68,0.427,"1","RGCC"
"BTF3",6.33567995372221e-92,0.431236253244855,0.884,0.824,"1","BTF3"
"RPS211",1.47565664140676e-90,0.567431639418402,0.57,0.406,"1","RPS21"
"EIF4A21",1.02602501181246e-87,0.610837823194745,0.624,0.391,"1","EIF4A2"
"TMEM1231",2.53135637735041e-86,0.651890575019684,0.46,0.28,"1","TMEM123"
"KLF2",1.31321048073736e-85,0.836823285058659,0.28,0.081,"1","KLF2"
"TOMM71",1.731739215049e-84,0.510895162079634,0.521,0.402,"1","TOMM7"
"TRAF3IP3",8.55943015942477e-83,0.808091718802982,0.269,0.074,"1","TRAF3IP3"
"LBH",3.89676542084769e-79,0.756393487213489,0.29,0.086,"1","LBH"
"EIF3E1",1.422390997907e-77,0.578257012410454,0.505,0.316,"1","EIF3E"
"COMMD61",1.2094778929651e-75,0.441761917366344,0.509,0.425,"1","COMMD6"
"RPL38",3.19406950362674e-75,0.448132370907372,0.567,0.464,"1","RPL38"
"PDCD4",8.82159521931959e-73,0.713292220957939,0.346,0.14,"1","PDCD4"
"ITM2B",6.31518524899381e-71,0.439898009754065,0.712,0.639,"1","ITM2B"
"SEPT6",3.19575815288589e-70,0.643055969759545,0.302,0.13,"1","SEPT6"
"STK17A1",3.48631981165923e-69,0.52478098317467,0.484,0.286,"1","STK17A"
"PRMT2",2.09326060428971e-68,0.565175839963421,0.287,0.181,"1","PRMT2"
"IL32",1.15003123911995e-66,0.582276892718912,0.309,0.115,"1","IL32"
"CALM11",1.63238504246808e-66,0.463802503537037,0.667,0.542,"1","CALM1"
"ZFP36L21",6.09150532088713e-65,0.46271292192723,0.562,0.344,"1","ZFP36L2"
"HNRNPA11",2.2487306363467e-64,0.370694973663674,0.689,0.623,"1","HNRNPA1"
"NSMCE1",1.5250767971642e-63,0.687066744521763,0.29,0.122,"1","NSMCE1"
"ERP291",1.18645608399835e-62,0.520797447067482,0.43,0.262,"1","ERP29"
"EIF3F1",3.29740913666591e-62,0.398516378366464,0.497,0.407,"1","EIF3F"
"NDFIP1",3.59850406917889e-62,0.515247828569972,0.347,0.248,"1","NDFIP1"
"TSC22D31",3.92073954241473e-62,0.673763249466035,0.408,0.213,"1","TSC22D3"
"EIF3H",4.31196608385569e-62,0.378799583722766,0.447,0.394,"1","EIF3H"
"PTPRCAP1",4.14198275224379e-61,0.568179512821961,0.347,0.147,"1","PTPRCAP"
"RAC2",1.0506654289869e-59,0.631430389899298,0.284,0.133,"1","RAC2"
"SNRPD21",1.04517302247382e-57,0.442221006246382,0.527,0.384,"1","SNRPD2"
"HINT11",2.40057276867666e-57,0.354783196540944,0.688,0.595,"1","HINT1"
"CORO1A1",4.12064592105928e-57,0.438077807873156,0.449,0.362,"1","CORO1A"
"SPOCK2",1.51089887672827e-55,0.647081581961825,0.305,0.124,"1","SPOCK2"
"CUTA1",2.63121958070048e-54,0.505944288390165,0.336,0.197,"1","CUTA"
"EVI2A",8.59719411074773e-54,0.404311835879529,0.337,0.27,"1","EVI2A"
"C1QBP1",3.02966776848451e-53,0.509941448576413,0.354,0.206,"1","C1QBP"
"RPL41",8.8774016816821e-53,0.378668121028227,0.269,0.196,"1","RPL41"
"RHOH",1.12591408777019e-52,0.442664917747995,0.307,0.152,"1","RHOH"
"CMPK1",4.36392370194649e-52,0.494483428092536,0.287,0.173,"1","CMPK1"
"CSDE11",6.51311940776345e-52,0.418178341451327,0.342,0.255,"1","CSDE1"
"ITM2A1",1.84552981813348e-51,0.470735653494816,0.331,0.153,"1","ITM2A"
"RSL1D11",1.03256969171078e-49,0.447899591453723,0.392,0.255,"1","RSL1D1"
"MAGED2",1.87335195610288e-49,0.550388127742618,0.311,0.171,"1","MAGED2"
"ECH11",7.27522740069857e-49,0.346703637519838,0.29,0.207,"1","ECH1"
"PPA1",1.1362826219362e-48,0.464546217212632,0.274,0.146,"1","PPA1"
"SPCS11",1.1629604452288e-48,0.322744004153791,0.388,0.33,"1","SPCS1"
"RSL24D11",1.97221188825302e-47,0.415081708012641,0.373,0.272,"1","RSL24D1"
"PEBP11",2.12451404395907e-47,0.446023944987875,0.309,0.162,"1","PEBP1"
"DDX18",3.44600232174761e-47,0.488249775741541,0.284,0.182,"1","DDX18"
"APRT1",7.9211266795551e-44,0.448409265401806,0.341,0.235,"1","APRT"
"CLEC2D",4.79712689276136e-43,0.551014888388013,0.285,0.132,"1","CLEC2D"
"ANP32B1",1.0468266327099e-40,0.3900239603725,0.306,0.231,"1","ANP32B"
"LITAF",1.24344329340797e-40,0.348217105351865,0.364,0.297,"1","LITAF"
"PTPRC1",1.10204561104955e-39,0.264229515293898,0.595,0.523,"1","PTPRC"
"VAMP21",2.08884349263339e-36,0.345887752464697,0.332,0.259,"1","VAMP2"
"SERBP11",6.8877161890044e-35,0.341329380918951,0.353,0.276,"1","SERBP1"
"C9orf781",3.04378141513686e-34,0.286863890647117,0.257,0.205,"1","C9orf78"
"RWDD1",6.24794170875707e-34,0.376161818701424,0.251,0.183,"1","RWDD1"
"ARID5A",1.064617511008e-32,0.325700244247625,0.268,0.204,"1","ARID5A"
"TRAT1",9.05167971580635e-30,0.314128484510655,0.261,0.145,"1","TRAT1"
"BIRC31",1.00500550143155e-26,0.32395474761357,0.41,0.299,"1","BIRC3"
"PABPC11",2.58884133001271e-219,0.97349475349904,0.975,0.899,"2","PABPC1"
"RPS16",7.56895908265146e-175,0.709781432937122,0.977,0.924,"2","RPS16"
"CREM2",1.09910720530279e-157,1.01356506575207,0.746,0.318,"2","CREM"
"RPL142",1.22860748926579e-152,0.582062697334321,0.984,0.911,"2","RPL14"
"TRAT11",2.51081778376626e-149,1.13339799348331,0.527,0.118,"2","TRAT1"
"RPS15A2",1.5589050024233e-142,0.481569691037723,0.987,0.924,"2","RPS15A"
"RPL312",1.22767380348533e-117,0.477437099297726,0.981,0.917,"2","RPL31"
"RPS252",4.88000158403743e-114,0.53399514354112,0.956,0.839,"2","RPS25"
"CD22",4.63510277647314e-110,0.962573735435253,0.588,0.198,"2","CD2"
"PTMA2",2.1745954657794e-109,0.467366872443535,0.986,0.915,"2","PTMA"
"ZFP36L22",6.60019266677425e-107,0.917586433726434,0.69,0.341,"2","ZFP36L2"
"RPSA2",4.69552021614317e-102,0.576181912660231,0.9,0.706,"2","RPSA"
"CXCR41",7.09462595261479e-102,0.625933655835072,0.894,0.627,"2","CXCR4"
"RPLP02",4.43457130000706e-97,0.545638027890438,0.935,0.782,"2","RPLP0"
"TMEM662",3.29808133565475e-96,0.540128501967112,0.895,0.726,"2","TMEM66"
"LDHB2",8.39230020773941e-93,0.709079875003226,0.702,0.345,"2","LDHB"
"RPL182",5.30548895355328e-89,0.38128669387696,0.974,0.906,"2","RPL18"
"RPL362",9.64217166712868e-89,0.531836078901584,0.878,0.735,"2","RPL36"
"ITM2A2",4.55074830336816e-84,1.03179804945453,0.453,0.149,"2","ITM2A"
"ARHGDIB2",1.19852602376947e-83,0.56045206354927,0.886,0.706,"2","ARHGDIB"
"PTPRC2",1.32869463382033e-82,0.659292284451179,0.726,0.511,"2","PTPRC"
"CD3D2",2.69251819616944e-80,0.636970525005127,0.597,0.258,"2","CD3D"
"SPOCK21",1.69202647754131e-78,0.854103920953748,0.403,0.123,"2","SPOCK2"
"RPS52",3.85775682818169e-77,0.352516679489665,0.949,0.867,"2","RPS5"
"FXYD51",2.04084508854851e-76,0.583544841736199,0.735,0.591,"2","FXYD5"
"RPS202",7.79800980710449e-74,0.419227590868444,0.93,0.865,"2","RPS20"
"NPM12",1.18071983938084e-73,0.498231481839392,0.822,0.561,"2","NPM1"
"LTB2",1.52806729933387e-72,0.577053256249426,0.632,0.31,"2","LTB"
"IL7R2",2.38731713083772e-72,0.735065338140312,0.534,0.236,"2","IL7R"
"ZFP361",2.41336797293126e-70,0.698758126588791,0.606,0.442,"2","ZFP36"
"ALOX5AP1",7.46287689006515e-69,0.832585931142944,0.502,0.229,"2","ALOX5AP"
"NR3C1",3.78040304815197e-68,0.851400433345425,0.392,0.163,"2","NR3C1"
"RPL10A2",1.94518932742011e-67,0.400563005768384,0.922,0.842,"2","RPL10A"
"RPL352",7.59052389823649e-67,0.421700328064973,0.918,0.805,"2","RPL35"
"RPS82",5.15839591212922e-66,0.38519671339166,0.958,0.905,"2","RPS8"
"EEF22",1.48299756722155e-65,0.526657479413792,0.734,0.569,"2","EEF2"
"FYN",1.80847466090373e-65,0.824817150814876,0.361,0.127,"2","FYN"
"LEPROTL12",2.89300470000786e-62,0.693959187144057,0.538,0.277,"2","LEPROTL1"
"RPL7A2",9.80472388701822e-56,0.387279752019132,0.872,0.789,"2","RPL7A"
"NDUFS51",4.21675505692761e-52,0.530485060956014,0.49,0.35,"2","NDUFS5"
"RPL36A2",6.27808545540521e-52,0.431541694569977,0.641,0.545,"2","RPL36A"
"RPL52",1.51895563826924e-51,0.348420725634936,0.872,0.754,"2","RPL5"
"LCK2",1.14467205374073e-50,0.661222251450752,0.397,0.163,"2","LCK"
"GPR183",7.9647820935529e-48,0.599130799326478,0.542,0.358,"2","GPR183"
"SNRPD22",4.24453935789546e-47,0.513184828751442,0.558,0.39,"2","SNRPD2"
"OCIAD22",5.65530968510901e-47,0.538518412702532,0.466,0.233,"2","OCIAD2"
"GLTSCR22",9.09917258643151e-47,0.449141704150939,0.598,0.484,"2","GLTSCR2"
"BTG11",3.17637662817348e-45,0.375786876246599,0.921,0.805,"2","BTG1"
"ERP292",3.1611996561153e-44,0.547103256484246,0.446,0.271,"2","ERP29"
"RPL43",3.59170205746648e-44,0.359010146827436,0.84,0.763,"2","RPL4"
"CD3E1",4.248076479469e-43,0.617794203081102,0.355,0.148,"2","CD3E"
"RPL36AL",1.26416621510864e-42,0.344194189678655,0.863,0.793,"2","RPL36AL"
"RPS292",2.83313008156866e-42,0.416926286481558,0.549,0.422,"2","RPS29"
"RPL372",6.99504287814131e-42,0.311280122300469,0.689,0.635,"2","RPL37"
"RPL37A2",3.3141965453562e-40,0.323166618087005,0.699,0.605,"2","RPL37A"
"PPP2R5C",3.54771011598179e-40,0.614422699749807,0.319,0.161,"2","PPP2R5C"
"HINT12",3.76436581698502e-40,0.409157500065635,0.702,0.6,"2","HINT1"
"HMGN11",4.16184260613979e-40,0.430295120829705,0.545,0.415,"2","HMGN1"
"SOCS1",1.3129972622922e-39,0.666366439452685,0.288,0.112,"2","SOCS1"
"CD72",2.53410012675865e-39,0.490932252367403,0.438,0.221,"2","CD7"
"PPDPF1",6.7819365615703e-39,0.370781850132022,0.558,0.497,"2","PPDPF"
"RPS281",7.28133065768556e-39,0.320461327546562,0.839,0.784,"2","RPS28"
"EIF3F2",8.19266721709544e-39,0.372298084904415,0.485,0.415,"2","EIF3F"
"RGS1",4.08592078525094e-38,0.675890739278216,0.294,0.127,"2","RGS1"
"EVI2A1",7.07137764802903e-38,0.315115644996381,0.342,0.274,"2","EVI2A"
"SPCS12",1.10484258923109e-37,0.381048511579899,0.403,0.332,"2","SPCS1"
"YIPF5",1.3943281898524e-37,0.57098823349144,0.254,0.126,"2","YIPF5"
"RARRES3",4.22343671155511e-37,0.675875977754179,0.349,0.171,"2","RARRES3"
"EIF3E2",6.04938235910938e-37,0.481333663577409,0.471,0.334,"2","EIF3E"
"HNRNPA12",3.22024345201273e-36,0.355246200283252,0.708,0.625,"2","HNRNPA1"
"GNAS",8.3793821950664e-36,0.386753609357836,0.314,0.251,"2","GNAS"
"RPL172",1.39775844802437e-35,0.360466341856069,0.511,0.441,"2","RPL17"
"CLDND1",1.94529568282439e-35,0.546277279807608,0.257,0.16,"2","CLDND1"
"CLEC2D1",3.07740383264165e-35,0.570769673042436,0.315,0.139,"2","CLEC2D"
"SOD11",3.77378842088196e-35,0.387227561018063,0.581,0.456,"2","SOD1"
"ISCU1",1.0556334751917e-34,0.30900764854893,0.545,0.449,"2","ISCU"
"EIF4A22",5.48068938830083e-34,0.410457831877887,0.555,0.416,"2","EIF4A2"
"RPS102",6.83118143192831e-34,0.329094068708958,0.744,0.682,"2","RPS10"
"IL2RG1",1.25410897453413e-33,0.426962662061471,0.508,0.394,"2","IL2RG"
"RPL381",1.91701286270222e-33,0.289576375125783,0.53,0.476,"2","RPL38"
"RPL222",2.58174986102399e-33,0.357963628850557,0.493,0.41,"2","RPL22"
"ANKRD121",4.3851555830866e-33,0.41720369976457,0.38,0.305,"2","ANKRD12"
"MCL1",7.07864601925463e-33,0.409598179280412,0.316,0.244,"2","MCL1"
"DDIT4",9.42311626893587e-33,0.535644880967082,0.355,0.198,"2","DDIT4"
"DDX24",1.04994273709752e-32,0.419635105979955,0.302,0.193,"2","DDX24"
"CUTA2",1.12615071739851e-31,0.458242012666104,0.337,0.207,"2","CUTA"
"LAT1",1.20408816979527e-31,0.508494967028617,0.333,0.174,"2","LAT"
"RWDD11",3.5573362924e-31,0.450033418136527,0.283,0.183,"2","RWDD1"
"CNBP1",3.64735427975405e-31,0.25451970676967,0.536,0.48,"2","CNBP"
"TRMT1121",1.14365601821796e-30,0.281781145633823,0.437,0.376,"2","TRMT112"
"IL321",1.83811250157663e-30,0.68859035201095,0.294,0.13,"2","IL32"
"HMGB2",2.17359229139081e-30,0.461925348838604,0.333,0.201,"2","HMGB2"
"ANP32B2",3.4866906608434e-30,0.381816974503618,0.323,0.233,"2","ANP32B"
"VAMP8",3.12864512076157e-29,0.323108487704899,0.353,0.289,"2","VAMP8"
"DDX181",5.31925013331267e-29,0.292748068649738,0.256,0.193,"2","DDX18"
"NHP2L11",5.34912614617926e-29,0.334638875102676,0.375,0.294,"2","NHP2L1"
"PDCD41",2.84544469022735e-28,0.491646047364702,0.3,0.16,"2","PDCD4"
"SEPT61",5.26103179128927e-28,0.426944437835336,0.258,0.148,"2","SEPT6"
"HNRNPDL1",8.78199420201669e-28,0.340615101956592,0.341,0.265,"2","HNRNPDL"
"S1PR42",2.58568853159224e-27,0.464378028543389,0.313,0.182,"2","S1PR4"
"RHOH1",3.92645824479125e-27,0.479938846923354,0.316,0.162,"2","RHOH"
"CALM12",1.19938389392519e-26,0.307044518590464,0.619,0.557,"2","CALM1"
"RSL24D12",1.27071641087525e-26,0.335212688218212,0.371,0.279,"2","RSL24D1"
"PEBP12",4.40226434273915e-26,0.441376098816904,0.31,0.172,"2","PEBP1"
"NSMCE11",7.08402294927933e-25,0.488702257836739,0.261,0.138,"2","NSMCE1"
"C9orf782",9.94171691836057e-25,0.360424007508673,0.276,0.206,"2","C9orf78"
"EZR1",1.46933035003851e-23,0.409718614815429,0.323,0.226,"2","EZR"
"RGCC2",4.84318271567158e-23,0.424362364990504,0.567,0.46,"2","RGCC"
"CMPK11",8.58346784323596e-23,0.408504938986667,0.259,0.184,"2","CMPK1"
"C6orf482",1.03140843095095e-22,0.414450812585454,0.37,0.264,"2","C6orf48"
"RSL1D12",6.0657519732576e-22,0.252411693594496,0.336,0.272,"2","RSL1D1"
"PTPRCAP2",6.57221558217215e-22,0.41266159246822,0.309,0.166,"2","PTPRCAP"
"EVI2B1",9.19834139399914e-22,0.331087926763747,0.316,0.249,"2","EVI2B"
"APRT2",1.19329021869815e-19,0.270871932903963,0.313,0.246,"2","APRT"
"TSC22D32",1.84297794911869e-17,0.338168673216954,0.344,0.235,"2","TSC22D3"
"ANXA12",1.65453931430261e-16,0.282236225077537,0.826,0.727,"2","ANXA1"
"MAGED21",2.38470712331435e-15,0.38463818810611,0.27,0.186,"2","MAGED2"
"GNLY",0,4.1168329041859,0.696,0.023,"3","GNLY"
"NKG7",0,3.34897574782971,0.863,0.048,"3","NKG7"
"CCL5",0,3.14990805468249,0.808,0.08,"3","CCL5"
"GZMB",0,2.86142839429215,0.651,0.02,"3","GZMB"
"APOBEC3G",0,2.19082619457807,0.741,0.115,"3","APOBEC3G"
"CST7",4.9413794685113e-306,2.12860029270196,0.644,0.045,"3","CST7"
"FGFBP2",7.37849838055117e-236,2.16549585484112,0.395,0.006,"3","FGFBP2"
"KLRD1",1.71923794586056e-234,1.78969006243657,0.388,0.006,"3","KLRD1"
"GZMH",5.57933331082639e-227,1.94769379967415,0.378,0.005,"3","GZMH"
"CLIC3",1.79931342261847e-217,2.01978890169548,0.406,0.013,"3","CLIC3"
"CTSW",1.5499962486057e-206,1.76980546305032,0.393,0.017,"3","CTSW"
"PRF1",1.30029169242023e-179,1.58523026904951,0.317,0.006,"3","PRF1"
"GZMA",4.11021318985466e-172,1.73838303996004,0.311,0.007,"3","GZMA"
"LDHA1",4.39852245636609e-169,1.1029829328576,0.771,0.483,"3","LDHA"
"CXCR3",1.08445376793596e-141,1.51006496580405,0.351,0.029,"3","CXCR3"
"CHST12",1.55203241722013e-141,1.39238871124984,0.335,0.032,"3","CHST12"
"C1orf21",7.04737039063127e-131,1.22770726242995,0.256,0.018,"3","C1orf21"
"RARRES31",1.79225496355358e-127,1.292928988021,0.543,0.155,"3","RARRES3"
"HOPX",3.45258091040598e-115,1.42819299147105,0.266,0.017,"3","HOPX"
"APMAP",3.92166784444714e-115,1.18178976391731,0.375,0.099,"3","APMAP"
"CD73",2.31036259161669e-111,1.21996544995092,0.599,0.209,"3","CD7"
"SH2D2A",1.57296329942001e-101,1.19790676422426,0.351,0.054,"3","SH2D2A"
"SEPT71",3.45409249342838e-100,0.853616032527206,0.652,0.378,"3","SEPT7"
"AOAH",9.50411926753902e-100,1.06757732639963,0.251,0.033,"3","AOAH"
"PTMA3",2.11292361564281e-95,0.495719751672445,0.99,0.916,"3","PTMA"
"TNFRSF18",2.14275875912211e-86,1.27882635827294,0.269,0.048,"3","TNFRSF18"
"DUSP2",1.44663681387119e-85,1.24038430351998,0.428,0.128,"3","DUSP2"
"CD247",1.0959341560867e-83,1.13532995721384,0.354,0.086,"3","CD247"
"OASL",3.20185463196268e-78,1.1308845687894,0.325,0.089,"3","OASL"
"CD8A",6.68590723801205e-77,1.17165444903042,0.261,0.041,"3","CD8A"
"CXCR42",3.72771287980019e-76,0.713956122761862,0.865,0.637,"3","CXCR4"
"HMGB11",7.44949793767247e-75,0.630475988485276,0.754,0.583,"3","HMGB1"
"CD23",1.08512696638437e-66,0.961078746146541,0.498,0.218,"3","CD2"
"EVL2",3.13788898958672e-60,0.877170380533397,0.449,0.183,"3","EVL"
"DHRS7",2.07015627918264e-57,0.680505944017899,0.386,0.256,"3","DHRS7"
"PTPRC3",1.58097583277797e-55,0.607440409849306,0.67,0.522,"3","PTPRC"
"PRDX51",4.09282279559571e-55,0.659483944369262,0.395,0.274,"3","PRDX5"
"CLEC2B",1.22042151055547e-54,0.868127850393864,0.361,0.179,"3","CLEC2B"
"CD96",1.82350057005724e-53,0.861215002924964,0.311,0.091,"3","CD96"
"RABAC11",3.64839480422293e-51,0.627943937382551,0.473,0.325,"3","RABAC1"
"DRAP1",3.27779009974846e-47,0.482051979365899,0.417,0.354,"3","DRAP1"
"IL2RG2",3.3682135647874e-47,0.617354483402073,0.581,0.39,"3","IL2RG"
"IFITM21",1.54760380626245e-46,0.763340700533554,0.409,0.205,"3","IFITM2"
"IL322",1.15142623285535e-45,0.849934588820467,0.357,0.128,"3","IL32"
"ALOX5AP2",1.18521817366419e-45,0.837606397598818,0.436,0.243,"3","ALOX5AP"
"PTPRCAP3",2.55232567182729e-43,0.803074548095197,0.39,0.161,"3","PTPRCAP"
"PSME1",4.13588737925761e-43,0.442363297582777,0.565,0.506,"3","PSME1"
"NCOR1",2.36953532043259e-42,0.58323046234404,0.327,0.227,"3","NCOR1"
"GIMAP72",1.47334040891101e-41,0.428354325131368,0.604,0.346,"3","GIMAP7"
"YWHAQ",9.57096568899951e-39,0.569213348656133,0.283,0.197,"3","YWHAQ"
"MIR142",4.59349015258015e-38,0.669779147631061,0.282,0.161,"3","MIR142"
"CLDND11",9.80427843118311e-38,0.671870091093848,0.272,0.16,"3","CLDND1"
"FYN1",3.55674303193434e-37,0.712925521602722,0.327,0.136,"3","FYN"
"PRDX6",4.85998055161739e-37,0.568027061192609,0.316,0.213,"3","PRDX6"
"HLA-F",3.89840034623146e-36,0.489700639803219,0.287,0.227,"3","HLA-F"
"CCL4",6.94833478136108e-34,0.777002066533883,0.288,0.104,"3","CCL4"
"HMGN12",1.42869257788138e-32,0.45473104169885,0.519,0.421,"3","HMGN1"
"RAC21",3.37065922321541e-31,0.615287645473685,0.274,0.148,"3","RAC2"
"BTG12",9.94305721894519e-31,0.265614435684012,0.881,0.812,"3","BTG1"
"ECH12",1.06292032786042e-30,0.517642924385035,0.301,0.213,"3","ECH1"
"VAMP22",6.31608602063774e-30,0.483650765070809,0.364,0.262,"3","VAMP2"
"ID2",1.61103582504284e-29,0.688642675819325,0.312,0.17,"3","ID2"
"PSMB91",2.88753159024863e-28,0.416452455861676,0.599,0.505,"3","PSMB9"
"STK17A2",1.39260518083481e-27,0.518947279790984,0.452,0.307,"3","STK17A"
"LY6E",2.11510261211978e-27,0.703632035645578,0.274,0.158,"3","LY6E"
"LIMD22",1.46093467426264e-26,0.477190794636499,0.504,0.393,"3","LIMD2"
"BUB31",2.67419139460174e-23,0.414427908452887,0.3,0.234,"3","BUB3"
"VAMP81",4.14037751170695e-23,0.4102527918081,0.364,0.29,"3","VAMP8"
"CYBA3",5.90989937995587e-22,0.33239153958418,0.89,0.78,"3","CYBA"
"ERP293",1.76863578401118e-21,0.442791767826915,0.386,0.282,"3","ERP29"
"KMT2E1",2.76868717472162e-21,0.417622724046347,0.3,0.243,"3","KMT2E"
"ATP5A11",9.83396175309954e-21,0.398667344480863,0.37,0.306,"3","ATP5A1"
"DNAJB62",5.16241199835115e-20,0.302811409264368,0.398,0.343,"3","DNAJB6"
"TERF2IP",3.34907937840264e-19,0.417203644397244,0.262,0.19,"3","TERF2IP"
"SNRPD23",1.64889326371474e-18,0.323592504020255,0.477,0.402,"3","SNRPD2"
"CD3D3",1.70871283010852e-18,0.544560509107433,0.419,0.285,"3","CD3D"
"PYURF1",6.83360249270158e-18,0.349140089558192,0.279,0.214,"3","PYURF"
"HMGB21",8.88882705585557e-18,0.474212120584242,0.3,0.208,"3","HMGB2"
"RGCC3",3.68830042496108e-16,0.329474992989342,0.589,0.46,"3","RGCC"
"IRF1",7.13423656841265e-16,0.408712046933894,0.264,0.199,"3","IRF1"
"ITM2A3",3.44973455663724e-15,0.503857582454717,0.304,0.172,"3","ITM2A"
"MAGED22",2.15088914557523e-14,0.443156148078971,0.28,0.187,"3","MAGED2"
"APRT3",5.14812331565829e-14,0.335870918983012,0.3,0.249,"3","APRT"
"OCIAD23",1.10691097291818e-13,0.388770231758953,0.382,0.247,"3","OCIAD2"
"S1PR43",2.31307432562267e-13,0.41960040876076,0.285,0.188,"3","S1PR4"
"LAT2",2.35776490989473e-13,0.4037518550783,0.293,0.182,"3","LAT"
"ISG201",3.7737100469216e-13,0.360080273093746,0.481,0.387,"3","ISG20"
"NR3C11",2.44463024115511e-10,0.338006384327961,0.259,0.183,"3","NR3C1"
"GIMAP52",4.68596665820483e-09,0.346398246292824,0.279,0.186,"3","GIMAP5"
"LCK3",1.13955139072554e-07,0.287264762099875,0.272,0.182,"3","LCK"
"CD79A",0,2.56596496892459,0.733,0.016,"4","CD79A"
"MS4A1",0,2.02521965102045,0.526,0.007,"4","MS4A1"
"CD744",0,1.53806800032393,0.993,0.651,"4","CD74"
"HERPUD13",6.44547016900459e-305,1.68047689860713,0.8,0.304,"4","HERPUD1"
"CD83",1.43271351109458e-230,1.84308835039999,0.645,0.115,"4","CD83"
"ID3",5.9822043633031e-188,1.6891212938372,0.601,0.127,"4","ID3"
"PTMA4",6.42678387482012e-185,0.703467551635051,0.993,0.916,"4","PTMA"
"HLA-DQA11",6.25494962196445e-181,1.48938908494262,0.669,0.161,"4","HLA-DQA1"
"HLA-DRA4",4.61296376409139e-177,0.826347753016831,0.989,0.541,"4","HLA-DRA"
"RPS53",1.08850773043353e-168,0.733695235735944,0.987,0.865,"4","RPS5"
"HLA-DQB13",6.10815675459993e-148,1.29838729716542,0.679,0.25,"4","HLA-DQB1"
"CD79B",8.04322129904845e-143,1.36747986101723,0.311,0.015,"4","CD79B"
"HLA-DPA14",7.2626378671815e-138,0.909579866652062,0.862,0.4,"4","HLA-DPA1"
"CD371",2.68459681402794e-137,1.05587287782487,0.666,0.353,"4","CD37"
"HLA-DRB14",2.08491284148911e-133,0.889407422650952,0.936,0.506,"4","HLA-DRB1"
"SYNGR2",2.29788157021326e-128,1.21630359800884,0.474,0.109,"4","SYNGR2"
"HLA-DPB13",5.02360286080365e-121,0.865927208654834,0.847,0.44,"4","HLA-DPB1"
"RPS231",1.63824170870696e-107,0.542879324924188,0.993,0.92,"4","RPS23"
"RPL10A3",5.88255938392388e-105,0.593728853124064,0.971,0.839,"4","RPL10A"
"RPSA3",3.69536481538539e-102,0.631692546775918,0.93,0.708,"4","RPSA"
"IRF8",3.30427031206975e-99,1.1280807164587,0.288,0.037,"4","IRF8"
"HSP90AB13",1.99848351794135e-98,0.874942008227564,0.704,0.48,"4","HSP90AB1"
"YBX11",2.54272339898753e-96,0.638736653758798,0.904,0.809,"4","YBX1"
"RPLP03",1.6416481331135e-95,0.578066025084437,0.956,0.784,"4","RPLP0"
"CCR73",1.14822187638538e-94,0.817658031106918,0.782,0.361,"4","CCR7"
"RPS83",1.16430427966928e-94,0.520261443833735,0.977,0.905,"4","RPS8"
"RPL353",3.72192789951175e-92,0.573104264856819,0.946,0.805,"4","RPL35"
"RAN1",2.2724704521508e-91,0.797792881022935,0.673,0.485,"4","RAN"
"EEF1B22",2.03699674695409e-87,0.722429464137819,0.84,0.589,"4","EEF1B2"
"REL",9.31823552587903e-87,1.07686574447879,0.373,0.108,"4","REL"
"RPL183",3.95267943823754e-86,0.421222935576953,0.989,0.906,"4","RPL18"
"RPL7A3",4.73531740366939e-86,0.572318388419914,0.922,0.786,"4","RPL7A"
"RPL91",4.65039154472429e-85,0.429242406056102,0.995,0.943,"4","RPL9"
"RPL53",5.59289433954723e-84,0.523326855001896,0.933,0.75,"4","RPL5"
"NPM13",1.08453919630019e-83,0.846917604515318,0.795,0.57,"4","NPM1"
"RPL27A1",1.99653297033275e-79,0.432255224279935,0.984,0.929,"4","RPL27A"
"RPS11",2.37632927701282e-77,0.582205322402931,0.86,0.713,"4","RPS11"
"CD40",4.72028880679595e-77,0.87998568303979,0.251,0.061,"4","CD40"
"PRMT1",2.7267020257242e-71,0.9655512272211,0.37,0.12,"4","PRMT1"
"CXCR43",4.67664783582995e-70,0.728247157115591,0.813,0.642,"4","CXCR4"
"RPL291",1.42571468488578e-69,0.44657182506503,0.971,0.91,"4","RPL29"
"PRDX4",8.95538811487635e-68,0.899837176040723,0.269,0.053,"4","PRDX4"
"SMIM14",4.64558299285841e-66,0.905454515273376,0.251,0.076,"4","SMIM14"
"RANBP1",7.25841520157166e-65,0.844515072997344,0.406,0.182,"4","RANBP1"
"GNB2L1",1.35030243756434e-62,0.449466264888668,0.963,0.895,"4","GNB2L1"
"HMGB12",2.85741125108922e-62,0.621258157857319,0.752,0.583,"4","HMGB1"
"ZFP36L1",3.22660141608592e-61,0.812166620384023,0.474,0.262,"4","ZFP36L1"
"NHP2",7.54777373184863e-61,0.903004599228362,0.363,0.119,"4","NHP2"
"DCTPP1",1.54324640793895e-57,0.802954566775578,0.254,0.046,"4","DCTPP1"
"C7orf50",9.27679706099884e-54,0.843285287426557,0.252,0.059,"4","C7orf50"
"RPL44",1.28262690701109e-53,0.45739644793336,0.888,0.76,"4","RPL4"
"RPL143",1.62136314636817e-53,0.32429098221942,0.972,0.914,"4","RPL14"
"GSTP12",2.73185552334998e-52,0.644951336290985,0.66,0.496,"4","GSTP1"
"LSM7",6.94902834783354e-52,0.789684472264899,0.391,0.153,"4","LSM7"
"RPS253",1.11830006164674e-51,0.333682256539074,0.943,0.844,"4","RPS25"
"TAGLN2",7.57492100535117e-51,0.700435407043086,0.521,0.287,"4","TAGLN2"
"PMAIP1",1.33690173129628e-49,0.810257558837578,0.279,0.069,"4","PMAIP1"
"SRM",4.83226169730841e-49,0.816947485524492,0.269,0.066,"4","SRM"
"CDC371",8.46111692943502e-49,0.690772853603016,0.41,0.233,"4","CDC37"
"PHB",2.91882605733948e-47,0.752999445385697,0.362,0.126,"4","PHB"
"HSPD12",7.98262410471979e-47,0.647784604783329,0.466,0.245,"4","HSPD1"
"PARP1",8.90429013421081e-46,0.834134494743722,0.29,0.091,"4","PARP1"
"RPL37A3",9.71500235244347e-46,0.479301626013974,0.762,0.601,"4","RPL37A"
"RPL272",2.25995627470927e-45,0.382555162972669,0.883,0.8,"4","RPL27"
"EZR2",6.00272327173618e-45,0.728226322720752,0.467,0.213,"4","EZR"
"HNRNPA13",9.63204705800639e-45,0.498693166416983,0.779,0.62,"4","HNRNPA1"
"ISG202",4.28797889140951e-44,0.681627210091118,0.616,0.373,"4","ISG20"
"PARK7",3.89329850239669e-43,0.519489789155056,0.575,0.442,"4","PARK7"
"PDIA61",4.63772726342527e-43,0.628338120292116,0.399,0.261,"4","PDIA6"
"RPS103",1.78763829133802e-42,0.413958698353826,0.775,0.681,"4","RPS10"
"EEF23",1.87333422703629e-41,0.478240373742569,0.764,0.571,"4","EEF2"
"SLC25A5",3.37772447640756e-39,0.543661171284189,0.541,0.391,"4","SLC25A5"
"CCT2",5.24841377841618e-39,0.717461808832133,0.313,0.126,"4","CCT2"
"C1QBP2",1.24111036522899e-38,0.678464532258305,0.422,0.213,"4","C1QBP"
"CTSH1",2.29922583046232e-38,0.552312431713312,0.285,0.197,"4","CTSH"
"NCL",2.54639273403636e-38,0.704622664938965,0.324,0.147,"4","NCL"
"ANAPC161",1.51320011043017e-36,0.570214336313878,0.505,0.317,"4","ANAPC16"
"GLTSCR23",3.7573662327083e-36,0.487439535746615,0.679,0.478,"4","GLTSCR2"
"BIRC32",4.70992748976572e-34,0.537445677186826,0.534,0.297,"4","BIRC3"
"FABP5",1.32481651183768e-33,0.72445062262503,0.264,0.104,"4","FABP5"
"RPS203",2.04773167415529e-33,0.270450866429978,0.922,0.868,"4","RPS20"
"APRT4",4.10878244970515e-33,0.557667796329229,0.412,0.237,"4","APRT"
"EEF1A11",5.10250699614039e-33,0.331140653994638,0.928,0.856,"4","EEF1A1"
"FNBP1",6.11496882921293e-33,0.617865697806247,0.288,0.14,"4","FNBP1"
"RPL373",2.21626489650079e-32,0.364431739947921,0.757,0.629,"4","RPL37"
"SNRPD1",3.37737899273702e-32,0.649178134632118,0.305,0.153,"4","SNRPD1"
"CCT31",4.32414073510028e-32,0.572739068962478,0.427,0.243,"4","CCT3"
"ERH",6.25317915766817e-32,0.514849199128258,0.472,0.329,"4","ERH"
"SNRPD24",9.14232117603397e-32,0.49202654162188,0.564,0.394,"4","SNRPD2"
"SERBP12",1.46557466935605e-31,0.530321959035445,0.419,0.276,"4","SERBP1"
"ISCU2",2.14987411012983e-31,0.498138663938618,0.567,0.449,"4","ISCU"
"RPS212",1.95421863149232e-30,0.418955909392808,0.604,0.417,"4","RPS21"
"RPL363",2.90174081343939e-30,0.2731895042145,0.845,0.742,"4","RPL36"
"ATP5G1",3.86776487854553e-30,0.530653273123394,0.311,0.136,"4","ATP5G1"
"CCT51",1.14970465593984e-29,0.461023186593225,0.381,0.307,"4","CCT5"
"SNX2",1.63830148879947e-29,0.47029350247401,0.292,0.2,"4","SNX2"
"HLA-DMA1",6.14366788484712e-29,0.609811857998223,0.37,0.204,"4","HLA-DMA"
"PEBP13",1.1348618847146e-28,0.576492544543847,0.375,0.169,"4","PEBP1"
"HSPA52",2.0062750662677e-28,0.399470691498146,0.337,0.39,"4","HSPA5"
"HMGN13",7.61149223268461e-28,0.454891546281712,0.598,0.413,"4","HMGN1"
"RGS2",9.04101156065927e-28,0.690428800984514,0.322,0.15,"4","RGS2"
"DDX39A",1.41828560699851e-27,0.536142350906453,0.259,0.14,"4","DDX39A"
"EIF4A23",5.3404379158197e-27,0.380488674298403,0.607,0.414,"4","EIF4A2"
"PSMA2.1",1.72533157399557e-26,0.375255108884225,0.435,0.372,"4","PSMA2.1"
"HSPE1",7.00910809180286e-26,0.482468122532884,0.353,0.211,"4","HSPE1"
"CCT7",1.23367665018765e-25,0.543224638912707,0.313,0.156,"4","CCT7"
"GTF3A2",2.31924078290186e-25,0.490591251964956,0.458,0.267,"4","GTF3A"
"SEPT72",2.42068543064636e-25,0.477081715832773,0.544,0.389,"4","SEPT7"
"TMEM147",3.60311917131312e-25,0.519123498370867,0.277,0.144,"4","TMEM147"
"EIF5A",5.0152967536059e-25,0.541082852230979,0.344,0.213,"4","EIF5A"
"PPA11",8.53598008904397e-25,0.54766920479767,0.324,0.152,"4","PPA1"
"GDI21",1.48594847748078e-24,0.484950670490254,0.37,0.252,"4","GDI2"
"HNRNPDL2",2.76114911243572e-24,0.470321278719647,0.423,0.259,"4","HNRNPDL"
"SEC11C",8.82345852690998e-24,0.634628300964312,0.274,0.119,"4","SEC11C"
"HNRNPK",1.35686321214176e-23,0.369727803909335,0.57,0.48,"4","HNRNPK"
"IMPDH2",1.25064831932831e-22,0.545124689495651,0.269,0.115,"4","IMPDH2"
"SSR4",5.00584415761073e-22,0.417069819754716,0.479,0.383,"4","SSR4"
"TUFM",6.55406702212333e-22,0.475427315351341,0.357,0.237,"4","TUFM"
"ILF21",9.7516810531645e-22,0.457467387339696,0.386,0.254,"4","ILF2"
"NUDC1",1.79510510782396e-21,0.445116419616672,0.388,0.248,"4","NUDC"
"SNRPB",1.06313079582098e-20,0.434890292742854,0.41,0.288,"4","SNRPB"
"SELT",1.31600389091457e-20,0.355416188860761,0.446,0.364,"4","SELT"
"HNRNPC1",1.96543770168179e-20,0.414023391170298,0.384,0.276,"4","HNRNPC"
"CMTM62",1.97269935138088e-20,0.384352670917729,0.313,0.251,"4","CMTM6"
"CCT6A",2.97401400054906e-20,0.435395187991808,0.308,0.205,"4","CCT6A"
"CD47",3.57869422084272e-20,0.402078198153954,0.379,0.3,"4","CD47"
"EEF1D",3.76137537562251e-20,0.280422125351976,0.907,0.857,"4","EEF1D"
"LAMTOR5",5.44092475445288e-20,0.327363664548288,0.419,0.359,"4","LAMTOR5"
"HNRNPF1",7.93513415935288e-20,0.417270637422391,0.433,0.31,"4","HNRNPF"
"RNASET21",9.21642542523238e-20,0.461785277207747,0.324,0.235,"4","RNASET2"
"HSPA9",1.07588097318125e-19,0.494459170845069,0.262,0.119,"4","HSPA9"
"C11orf31",1.10944445329698e-19,0.391320019553969,0.396,0.302,"4","C11orf31"
"TGIF1",1.26629831672246e-19,0.43318976683597,0.329,0.233,"4","TGIF1"
"HINT13",1.27761369489619e-19,0.331750281202137,0.712,0.601,"4","HINT1"
"WBSCR22",1.52245478003546e-19,0.502606257785367,0.283,0.137,"4","WBSCR22"
"EIF2S2",1.83358180512884e-19,0.430110127009716,0.368,0.254,"4","EIF2S2"
"EIF2S1",1.83572444784135e-19,0.4819321668856,0.277,0.155,"4","EIF2S1"
"RNPS11",1.91397343733828e-19,0.422996304555794,0.358,0.239,"4","RNPS1"
"TMEM243",2.86657027513344e-19,0.521954833571778,0.283,0.137,"4","TMEM243"
"PA2G4",3.22651220151583e-19,0.519567601792,0.298,0.163,"4","PA2G4"
"CREM3",1.41242499857164e-18,0.287430861708395,0.502,0.355,"4","CREM"
"PDCD6",1.54575073278079e-18,0.387384819503089,0.414,0.316,"4","PDCD6"
"NHP2L12",1.6612403116174e-18,0.375075543919973,0.415,0.291,"4","NHP2L1"
"RBM17",1.78495254633296e-18,0.473945940938642,0.254,0.141,"4","RBM17"
"HNRNPA3",4.19793610555282e-18,0.410614468839003,0.433,0.333,"4","HNRNPA3"
"XRCC61",7.63542757516469e-18,0.4240064304923,0.399,0.284,"4","XRCC6"
"SNRPE",1.26023976185241e-17,0.438123834896432,0.251,0.131,"4","SNRPE"
"RPSAP58",1.47043617045231e-17,0.442385498548899,0.27,0.129,"4","RPSAP58"
"SRSF71",1.96802159393217e-17,0.281587006042446,0.482,0.392,"4","SRSF7"
"CD581",3.00396285126058e-17,0.374746781162286,0.279,0.219,"4","CD58"
"CCT81",3.35916745159145e-17,0.409240874514525,0.357,0.257,"4","CCT8"
"ATP5A12",3.52329674223518e-17,0.356865966864744,0.404,0.303,"4","ATP5A1"
"CCT41",5.58774266596405e-17,0.309279694748528,0.383,0.268,"4","CCT4"
"MDH2",7.5115767068154e-17,0.445977361122457,0.274,0.156,"4","MDH2"
"CYCS",8.22250822764597e-17,0.365426315258342,0.321,0.25,"4","CYCS"
"LYSMD21",2.63553050364609e-16,0.426499116588984,0.35,0.248,"4","LYSMD2"
"PPIA",4.2426138506291e-16,0.321631359267413,0.448,0.368,"4","PPIA"
"FBL",5.76676930335151e-16,0.400300537852134,0.256,0.129,"4","FBL"
"RPL382",8.99671851283913e-16,0.26739145430302,0.531,0.477,"4","RPL38"
"TUBA1B",1.06827725983027e-15,0.359248609609614,0.331,0.249,"4","TUBA1B"
"HNRNPA0",1.15434543436247e-15,0.307014837184196,0.469,0.379,"4","HNRNPA0"
"RPL173",1.3274590279047e-15,0.308134976628941,0.546,0.439,"4","RPL17"
"PIM3",1.50760802447563e-15,0.432033918448077,0.29,0.208,"4","PIM3"
"ATP5B",1.8976792595385e-15,0.326145583553294,0.445,0.358,"4","ATP5B"
"DUT",2.96816212977082e-15,0.448273756156072,0.28,0.15,"4","DUT"
"LIMD23",3.94144171468869e-15,0.350362598230763,0.524,0.391,"4","LIMD2"
"RSL1D13",4.10063458213061e-15,0.403056863092431,0.396,0.267,"4","RSL1D1"
"ATP5D1",4.54229802003672e-15,0.332364663980606,0.345,0.256,"4","ATP5D"
"CYC1",6.29250424378862e-15,0.352012263859801,0.282,0.197,"4","CYC1"
"NOL7",6.73449344774647e-15,0.401599918190596,0.311,0.204,"4","NOL7"
"EIF3L",3.02470189825142e-14,0.340834187274999,0.397,0.302,"4","EIF3L"
"EIF3E3",3.8207774517393e-14,0.343137265206418,0.458,0.339,"4","EIF3E"
"SPCS13",4.78251807857267e-14,0.268926959096591,0.43,0.331,"4","SPCS1"
"PDCD5",6.82951313840777e-14,0.402459214148588,0.251,0.158,"4","PDCD5"
"PSME11",9.32316214977013e-14,0.276997232029412,0.598,0.502,"4","PSME1"
"COPS6",1.23038132982179e-13,0.369439512803739,0.264,0.176,"4","COPS6"
"UQCRH",5.36598969636714e-13,0.31359635505088,0.422,0.34,"4","UQCRH"
"SSBP1",6.02856032832928e-13,0.316579983494907,0.384,0.309,"4","SSBP1"
"NAA20",6.74156074759935e-13,0.389052612715952,0.269,0.172,"4","NAA20"
"IMP3",8.72728543492627e-13,0.327123145584067,0.28,0.162,"4","IMP3"
"PTPRCAP4",9.79271042404213e-13,0.468113471260339,0.292,0.171,"4","PTPRCAP"
"EIF3F3",1.43635372283388e-12,0.317550373587006,0.524,0.412,"4","EIF3F"
"ANXA7",1.65093233013494e-12,0.25960622489283,0.322,0.268,"4","ANXA7"
"NAP1L11",2.37339466859658e-12,0.296020050761881,0.453,0.38,"4","NAP1L1"
"BANF1",2.4110562522408e-12,0.290475223199529,0.251,0.187,"4","BANF1"
"SRSF3",3.08148176573826e-12,0.250888215695466,0.441,0.362,"4","SRSF3"
"RSL24D13",9.60571400371762e-12,0.345926723015723,0.394,0.279,"4","RSL24D1"
"TRMT1122",9.96443531062963e-12,0.26546527653441,0.443,0.377,"4","TRMT112"
"CORO1A2",1.07701943050269e-11,0.310393216943272,0.448,0.37,"4","CORO1A"
"NDUFAB1",2.00151334804541e-11,0.284921778635748,0.292,0.225,"4","NDUFAB1"
"STRAP",2.16405816463274e-11,0.355356878157602,0.275,0.181,"4","STRAP"
"ANP32B3",2.25992889246992e-11,0.356339188210594,0.322,0.236,"4","ANP32B"
"ACP1",4.08870616802798e-11,0.343766922265245,0.277,0.191,"4","ACP1"
"CLEC2D2",4.12135381220075e-11,0.399663859080073,0.265,0.149,"4","CLEC2D"
"DNAJC8",5.53889537208508e-11,0.273722559461539,0.337,0.287,"4","DNAJC8"
"EIF3D",6.19415478412300e-11,0.308403933545944,0.305,0.213,"4","EIF3D"
"SRI1",7.35646657471074e-11,0.267522666211774,0.327,0.256,"4","SRI"
"TUBB",8.24220577974737e-11,0.354261091914376,0.267,0.191,"4","TUBB"
"UBE2N",1.61129318257075e-10,0.346827411114321,0.269,0.19,"4","UBE2N"
"MIR1421",2.54762455047646e-10,0.354710190902939,0.251,0.165,"4","MIR142"
"PRDX52",3.93037979192651e-10,0.299837375016517,0.337,0.28,"4","PRDX5"
"PSMC4",1.00566316574947e-09,0.322789404415336,0.28,0.199,"4","PSMC4"
"RHOH2",2.31273581675883e-09,0.309823224385623,0.28,0.169,"4","RHOH"
"STK41",5.37853970910961e-09,0.330803698163554,0.306,0.219,"4","STK4"
"PRDX61",1.66103789236186e-08,0.276230718510238,0.277,0.217,"4","PRDX6"
"PYURF2",2.88960761118609e-08,0.29421658128944,0.287,0.213,"4","PYURF"
"CNPY2",4.77838988603921e-08,0.279837826144428,0.257,0.177,"4","CNPY2"
"ECH13",8.01960414069676e-08,0.306996861815631,0.298,0.214,"4","ECH1"
"MDH11",1.13235915109083e-07,0.268217917766859,0.319,0.246,"4","MDH1"
"CMPK12",1.87083793936694e-07,0.277404935445899,0.264,0.186,"4","CMPK1"
"GBP21",2.78651859037413e-07,0.277749586613316,0.303,0.25,"4","GBP2"
"VMO1",0,2.99070996590306,0.797,0.067,"5","VMO1"
"FCGR3A4",0,2.3664868655496,0.961,0.204,"5","FCGR3A"
"MS4A75",0,2.07372884800546,0.927,0.202,"5","MS4A7"
"CXCL165",4.76292248007142e-311,1.60267675367538,0.931,0.241,"5","CXCL16"
"LST15",9.11844269036548e-297,1.57364497572848,0.914,0.256,"5","LST1"
"AIF15",7.96929120812989e-275,1.60963858738237,0.884,0.221,"5","AIF1"
"ATP1B34",1.67646131047168e-254,1.3839456918279,0.896,0.322,"5","ATP1B3"
"TIMP15",4.4751463679914e-253,1.12682987035965,1,0.534,"5","TIMP1"
"MS4A4A",1.56839688651064e-234,1.45196112234152,0.541,0.029,"5","MS4A4A"
"SOD25",1.06309869855827e-214,1.05105291576177,0.993,0.464,"5","SOD2"
"S100A114",1.41657750656066e-213,0.771258961949409,1,0.692,"5","S100A11"
"C3AR15",4.332037869134e-211,1.38173652019239,0.812,0.199,"5","C3AR1"
"CTSS5",4.21583640969652e-203,1.1743419694066,0.931,0.388,"5","CTSS"
"PILRA2",1.23422396155414e-202,1.2981958083348,0.763,0.171,"5","PILRA"
"ADA5",1.80599762602312e-202,1.38977774233312,0.826,0.217,"5","ADA"
"HN1",6.96107043995345e-198,1.42616503863672,0.703,0.146,"5","HN1"
"FCER1G5",1.98163556793782e-197,0.945417965841096,0.996,0.457,"5","FCER1G"
"FAM26F",1.1564478977011e-192,1.75226808539878,0.522,0.051,"5","FAM26F"
"SERPINA12",3.00005670294933e-187,1.32339460486394,0.722,0.167,"5","SERPINA1"
"TYROBP5",2.23811292153123e-179,0.75655483745474,0.996,0.457,"5","TYROBP"
"SAT15",4.74622474819243e-171,1.03917928670372,0.985,0.579,"5","SAT1"
"CARD165",1.41122687889623e-167,1.06043099299302,0.918,0.359,"5","CARD16"
"TNFSF10",1.43282150239477e-166,1.60037604482508,0.481,0.053,"5","TNFSF10"
"GBP1",2.26963483300155e-165,1.40384515159997,0.668,0.153,"5","GBP1"
"CFD2",7.05114876181773e-160,1.29097203525511,0.69,0.176,"5","CFD"
"CST35",2.15649478719182e-159,1.02377045184851,0.933,0.375,"5","CST3"
"FGL21",5.00596193026261e-156,1.26699894272841,0.668,0.141,"5","FGL2"
"COTL15",5.15525399644465e-156,1.01394585875341,0.922,0.437,"5","COTL1"
"IFITM3",2.11643507844721e-155,1.33272667427281,0.647,0.126,"5","IFITM3"
"CTSC",2.37348250422126e-152,1.41918167742044,0.603,0.116,"5","CTSC"
"ACTB3",1.0968282101988e-148,0.594327310949528,1,0.928,"5","ACTB"
"GBP5",9.65920033039459e-144,1.23951158964486,0.399,0.03,"5","GBP5"
"CD861",3.98169881844747e-143,1.11492740037623,0.644,0.14,"5","CD86"
"WARS",3.25886456999501e-141,1.19910820733051,0.506,0.072,"5","WARS"
"TYMP5",1.80634516385846e-140,0.725257763665542,0.97,0.463,"5","TYMP"
"S100A45",6.31270163479187e-125,0.468384832050325,0.944,0.461,"5","S100A4"
"OAS1",8.23473201638551e-125,1.10583643953062,0.509,0.081,"5","OAS1"
"STXBP25",1.12005089559645e-124,1.05192807348068,0.728,0.251,"5","STXBP2"
"TNFSF13B",1.64963782764302e-124,1.16259647827625,0.457,0.061,"5","TNFSF13B"
"PLAUR5",4.42092819146801e-121,0.618683792555333,0.868,0.363,"5","PLAUR"
"RP11-290F20.35",1.87854251800173e-120,0.975756988327326,0.72,0.222,"5","RP11-290F20.3"
"PLAC8",1.9583858074668e-119,1.37114143379286,0.521,0.121,"5","PLAC8"
"PPM1N",2.27984709356297e-118,0.912137224279477,0.276,0.01,"5","PPM1N"
"PSAP5",4.43903021203248e-118,0.685139415248973,0.959,0.514,"5","PSAP"
"SPI15",2.55336511087424e-117,0.760017300599483,0.873,0.369,"5","SPI1"
"CASP15",4.23114802578067e-115,0.963970192453524,0.728,0.248,"5","CASP1"
"CXCL10",7.18502743146944e-114,2.11006498545863,0.285,0.013,"5","CXCL10"
"OAZ13",1.69198558127909e-110,0.401883147273587,1,0.908,"5","OAZ1"
"GBP22",5.32933573175704e-108,0.966557672382917,0.674,0.217,"5","GBP2"
"PTPN6",6.43661426133793e-108,0.897801044280033,0.549,0.12,"5","PTPN6"
"NPC25",2.9499580464811e-106,0.367839129885525,0.912,0.473,"5","NPC2"
"SMPDL3A",5.58230219668866e-106,0.920906677072971,0.299,0.022,"5","SMPDL3A"
"VASP5",1.31410196763612e-103,0.891683336700596,0.692,0.242,"5","VASP"
"KYNU5",1.76183124641398e-102,0.511271525982879,0.81,0.353,"5","KYNU"
"GLUL5",1.42867435248614e-99,0.972239076165756,0.659,0.212,"5","GLUL"
"BID5",6.73113757128345e-97,0.805555559813258,0.75,0.29,"5","BID"
"HLA-DPA15",2.6766170674442e-96,0.568707135713329,0.847,0.407,"5","HLA-DPA1"
"SNX10",1.34087884811597e-95,0.958355101106319,0.424,0.074,"5","SNX10"
"CD685",4.33507890938414e-90,0.709762234999272,0.759,0.31,"5","CD68"
"PSMB92",3.96946369281155e-89,0.741983167486411,0.871,0.483,"5","PSMB9"
"SMCO4",7.13393243130386e-88,0.815987593744146,0.493,0.116,"5","SMCO4"
"MT2A",2.45875012011304e-85,1.00537057402218,0.369,0.061,"5","MT2A"
"SLAMF7",4.42172679641783e-84,0.845611660320539,0.381,0.064,"5","SLAMF7"
"LTA4H1",2.08567623005359e-83,0.809052121486485,0.549,0.158,"5","LTA4H"
"LRRC25",4.97487270538077e-82,0.779526433688584,0.414,0.082,"5","LRRC25"
"IL3RA",6.04744636535458e-82,0.698722326700141,0.252,0.02,"5","IL3RA"
"GBP4",9.40348934936647e-82,0.800059326324895,0.388,0.073,"5","GBP4"
"ARPC1B5",3.74093303918125e-81,0.532102916208966,0.972,0.658,"5","ARPC1B"
"SLC16A34",1.43070315808269e-80,0.765910724804971,0.677,0.262,"5","SLC16A3"
"IFIT3",9.85371100298471e-80,0.800360309348478,0.297,0.037,"5","IFIT3"
"IFITM22",5.34664581697389e-79,0.847506537738723,0.576,0.193,"5","IFITM2"
"UBE2L62",1.85784682566865e-78,0.711557362643092,0.674,0.267,"5","UBE2L6"
"LYN",5.47250139034885e-78,0.776905837395931,0.451,0.107,"5","LYN"
"RGS19",4.15929757803982e-76,0.782343342740108,0.438,0.103,"5","RGS19"
"ARPC33",2.72698681989853e-74,0.496532321650758,0.979,0.706,"5","ARPC3"
"SLC31A2",3.09844928037925e-73,0.831196143185252,0.405,0.097,"5","SLC31A2"
"STX111",1.09718008087898e-72,0.739681729793947,0.507,0.149,"5","STX11"
"PRELID12",1.09816376488383e-72,0.650944631958968,0.72,0.326,"5","PRELID1"
"CEBPB5",2.42584952973567e-72,0.479604744183542,0.804,0.407,"5","CEBPB"
"CLIC13",4.00229764713912e-72,0.416169420098037,0.95,0.6,"5","CLIC1"
"JUNB3",7.77033034513981e-71,0.608280014579575,0.912,0.578,"5","JUNB"
"IFNGR24",9.57049850335702e-71,0.727628885185473,0.601,0.22,"5","IFNGR2"
"VMP1",4.8210222598983e-70,0.748351242011337,0.451,0.119,"5","VMP1"
"CYBB5",2.9622957130268e-69,0.71787507968292,0.588,0.212,"5","CYBB"
"RAC15",1.05784700439486e-68,0.393867053747287,0.879,0.514,"5","RAC1"
"SRGN3",8.52625955787513e-66,0.392304603384474,0.994,0.83,"5","SRGN"
"PLSCR15",6.29723166706161e-65,0.698519933001193,0.582,0.218,"5","PLSCR1"
"HCK1",6.33806639916087e-65,0.75083426541613,0.472,0.144,"5","HCK"
"PFN13",1.08613918137522e-64,0.28408487699566,0.996,0.903,"5","PFN1"
"FAM49A",1.06677507232447e-63,0.673636747438461,0.31,0.056,"5","FAM49A"
"ARRB24",9.32380991947056e-62,0.687929408036523,0.58,0.224,"5","ARRB2"
"GSTO15",5.02704619699888e-61,0.292198521701166,0.845,0.506,"5","GSTO1"
"GMFG1",1.01383265098404e-60,0.587537802900955,0.793,0.434,"5","GMFG"
"LILRB21",2.39078058114163e-60,0.722266293275324,0.418,0.118,"5","LILRB2"
"HLA-E",5.25912400321033e-60,0.479171024314862,0.974,0.794,"5","HLA-E"
"NCF1",1.05116529678087e-58,0.795302477367472,0.321,0.071,"5","NCF1"
"CD145",1.06388313860794e-58,0.512863934173617,0.66,0.31,"5","CD14"
"ARPC24",1.08888352957836e-58,0.378958950533267,0.981,0.834,"5","ARPC2"
"BST22",2.01728776580286e-58,0.569000344049625,0.687,0.325,"5","BST2"
"APOBEC3A",3.27239658013305e-56,0.874427968571883,0.386,0.104,"5","APOBEC3A"
"CLEC2B1",5.72041010562763e-56,0.378949176136256,0.446,0.174,"5","CLEC2B"
"ARPC55",1.17114939600807e-55,0.449807562130799,0.897,0.589,"5","ARPC5"
"POLD43",2.53218241555297e-54,0.616136334919378,0.588,0.253,"5","POLD4"
"GLRX5",3.87398603209237e-54,0.518237607420056,0.593,0.262,"5","GLRX"
"TSPO4",4.12253180464839e-54,0.593103152685858,0.642,0.297,"5","TSPO"
"RGS21",8.1982232999871e-54,0.564438373447374,0.427,0.143,"5","RGS2"
"SDCBP5",9.33037823772006e-54,0.272314002282692,0.838,0.52,"5","SDCBP"
"LYSMD22",1.64474926247303e-53,0.39787449357115,0.53,0.233,"5","LYSMD2"
"RNF131",1.92812191661976e-53,0.513501143156724,0.463,0.167,"5","RNF13"
"HMOX11",1.97264571288364e-53,0.606089106184063,0.472,0.166,"5","HMOX1"
"TMBIM4.11",3.13073509797239e-52,0.537688134096408,0.679,0.345,"5","TMBIM4.1"
"SQRDL5",5.01100368526112e-52,0.564462411672514,0.578,0.248,"5","SQRDL"
"DUSP15",5.60539988603517e-52,0.62186917967437,0.612,0.275,"5","DUSP1"
"GNG53",2.44221610118125e-51,0.399046030407315,0.759,0.425,"5","GNG5"
"HSBP15",3.51218270676296e-51,0.385216441163865,0.629,0.313,"5","HSBP1"
"ITGB2",3.82714284276822e-51,0.529384124282632,0.282,0.063,"5","ITGB2"
"WAS1",7.66907376642639e-51,0.550717456807973,0.435,0.149,"5","WAS"
"HAVCR2",1.8009368815342e-50,0.589165772887658,0.33,0.084,"5","HAVCR2"
"HSPB13",2.87955605937796e-50,0.409537117988086,0.502,0.206,"5","HSPB1"
"CFP5",4.34247221345145e-50,0.5073075115606,0.604,0.279,"5","CFP"
"SLC25A37",5.21480112978666e-50,0.539635761122248,0.341,0.096,"5","SLC25A37"
"GAPT1",2.03600008060018e-49,0.651957246449829,0.463,0.17,"5","GAPT"
"ASAH12",2.11699892423228e-49,0.630192156967412,0.504,0.199,"5","ASAH1"
"CD471",3.1097896422558e-49,0.53096645486586,0.604,0.281,"5","CD47"
"NAMPT1",3.18463918339611e-48,0.630063681359147,0.446,0.157,"5","NAMPT"
"KLF61",6.03745642531122e-48,0.312031962270593,0.521,0.247,"5","KLF6"
"GRINA",8.4317219105123e-48,0.590431818108512,0.364,0.106,"5","GRINA"
"SNAP23",9.73685512102941e-47,0.549952933118068,0.41,0.141,"5","SNAP23"
"RBX1",5.9093734379501e-45,0.409011743051006,0.614,0.31,"5","RBX1"
"MYO1F",3.61998169096858e-44,0.538708873878952,0.347,0.106,"5","MYO1F"
"NEAT15",6.30559283524994e-44,0.353392171248497,0.752,0.446,"5","NEAT1"
"PLEK2",7.85478877113859e-44,0.658308678751114,0.466,0.185,"5","PLEK"
"TUBA1B1",1.31625420252769e-43,0.464373798837466,0.521,0.233,"5","TUBA1B"
"QSOX1",7.00773315737013e-43,0.485490452779521,0.336,0.106,"5","QSOX1"
"SERP11",1.37022382867432e-42,0.399608431637936,0.843,0.552,"5","SERP1"
"PSME23",2.5214281143977e-42,0.412844872702998,0.851,0.561,"5","PSME2"
"BCL2A1",3.31372851944963e-42,0.567472372268637,0.265,0.063,"5","BCL2A1"
"ATG33",3.97626273934067e-42,0.459481194101626,0.511,0.229,"5","ATG3"
"CASP44",5.42621666562433e-42,0.478100959426967,0.612,0.308,"5","CASP4"
"IGSF65",7.87082122148252e-42,0.540898180641404,0.524,0.235,"5","IGSF6"
"ANXA4",1.01273056699609e-41,0.573968538844283,0.269,0.063,"5","ANXA4"
"SAMSN12",1.89081788281721e-41,0.382394330710351,0.705,0.402,"5","SAMSN1"
"LY6E1",2.52894781799863e-41,0.606913326448939,0.399,0.149,"5","LY6E"
"EPSTI1",3.40097959660733e-41,0.516829271535196,0.338,0.109,"5","EPSTI1"
"THEMIS2",7.10485949600117e-41,0.461922903589273,0.317,0.1,"5","THEMIS2"
"ARL6IP51",1.35324463380513e-40,0.360525990411552,0.634,0.344,"5","ARL6IP5"
"FKBP1A",2.72886272917898e-40,0.40778265866692,0.672,0.372,"5","FKBP1A"
"GRB24",4.80573086510095e-40,0.414099872402315,0.629,0.334,"5","GRB2"
"RAB8A",5.71352996084712e-40,0.319452401635792,0.369,0.158,"5","RAB8A"
"VAMP5",8.50998513215016e-40,0.637657202936366,0.293,0.085,"5","VAMP5"
"SLC43A21",8.94245016579778e-40,0.431959755958844,0.42,0.171,"5","SLC43A2"
"BLOC1S12",1.25329237203951e-39,0.431455601713448,0.543,0.264,"5","BLOC1S1"
"POMP2",1.8316000634697e-39,0.332172151876648,0.616,0.338,"5","POMP"
"PSMB8",3.11591620484626e-39,0.377733863099759,0.683,0.395,"5","PSMB8"
"CAP1",9.16490172900574e-39,0.283945254594387,0.625,0.362,"5","CAP1"
"NMI",1.70776859143968e-38,0.393659463736656,0.403,0.171,"5","NMI"
"DNAJA13",4.62869445968717e-38,0.266482366781055,0.726,0.445,"5","DNAJA1"
"RTN45",1.51881543828557e-37,0.30609880245493,0.61,0.343,"5","RTN4"
"GSTK1",2.26754074122939e-37,0.357411003562946,0.323,0.125,"5","GSTK1"
"VPS293",9.45874345547878e-37,0.42862056833076,0.578,0.304,"5","VPS29"
"MAFB5",1.30328678789712e-36,0.44177088963067,0.509,0.244,"5","MAFB"
"CCL31",1.47805226191762e-36,0.730989436630727,0.347,0.118,"5","CCL3"
"RHOC",2.09889875346564e-36,0.537356340631219,0.326,0.106,"5","RHOC"
"ABI3",3.43717940381383e-36,0.39388817320282,0.278,0.092,"5","ABI3"
"NAGK",4.58741561043079e-36,0.446188421361762,0.375,0.145,"5","NAGK"
"DRAM1",5.20345080060773e-36,0.504657870623548,0.267,0.073,"5","DRAM1"
"MVP",5.3180485029778e-36,0.3530312179254,0.306,0.115,"5","MVP"
"ACTR31",1.35885563521475e-35,0.335796232137954,0.668,0.394,"5","ACTR3"
"ATP6AP2",2.46456809708007e-35,0.330437635795283,0.53,0.278,"5","ATP6AP2"
"CMTM63",4.78425889523235e-35,0.382024302298486,0.487,0.237,"5","CMTM6"
"YBX12",8.31076097616242e-35,0.339444233015563,0.959,0.805,"5","YBX1"
"IDH2",1.38568556539451e-34,0.41022490616001,0.323,0.119,"5","IDH2"
"SCARB2",1.40906729412901e-34,0.44931710126718,0.252,0.07,"5","SCARB2"
"LAP31",1.48673128341971e-34,0.584047571265477,0.422,0.175,"5","LAP3"
"AKR1A1",1.59218253886471e-34,0.384341183089562,0.384,0.162,"5","AKR1A1"
"DRAP11",1.88414074535251e-34,0.28108624412936,0.59,0.34,"5","DRAP1"
"LSM6",3.61945458833017e-34,0.255902176194518,0.319,0.142,"5","LSM6"
"IL10RA",7.09921259517102e-34,0.333806174143875,0.315,0.129,"5","IL10RA"
"ACTG12",1.03211114214275e-33,0.350133502456891,0.896,0.681,"5","ACTG1"
"GPSM33",2.92302070207692e-33,0.293970495746906,0.616,0.362,"5","GPSM3"
"IRF72",3.32184815284726e-33,0.428187444345307,0.463,0.217,"5","IRF7"
"SLC7A7",3.63073746216147e-33,0.46961870830513,0.263,0.076,"5","SLC7A7"
"ZFAND5",4.10992586971187e-33,0.427009538145752,0.315,0.114,"5","ZFAND5"
"AGTRAP",5.28180477091595e-33,0.497399360189656,0.312,0.105,"5","AGTRAP"
"NCF24",1.12935790800674e-32,0.393691163460112,0.448,0.21,"5","NCF2"
"RHOG2",2.04301234047328e-32,0.311932764630853,0.642,0.383,"5","RHOG"
"BTG2",2.31026297521591e-32,0.39366269812957,0.45,0.213,"5","BTG2"
"DYNLT14",2.3176698400935e-32,0.284517286864967,0.614,0.363,"5","DYNLT1"
"IFNGR13",2.5195606238139e-32,0.349788095768866,0.446,0.216,"5","IFNGR1"
"CCL41",6.84556809044812e-32,0.755291851630956,0.308,0.105,"5","CCL4"
"SAMD9L",6.92335194308265e-32,0.384692214187267,0.257,0.085,"5","SAMD9L"
"IFI6",3.72251892556578e-31,0.423997167118922,0.369,0.156,"5","IFI6"
"IFI305",4.40761418932485e-31,0.422363637570172,0.461,0.22,"5","IFI30"
"PPP1CA2",4.82776602737132e-31,0.275008195619708,0.703,0.45,"5","PPP1CA"
"NINJ15",5.49735032929139e-31,0.29340726075211,0.547,0.309,"5","NINJ1"
"LRRFIP1",7.57800282080745e-31,0.301225086005155,0.444,0.229,"5","LRRFIP1"
"YWHAH2",8.19514150130494e-31,0.318965319102471,0.425,0.21,"5","YWHAH"
"RNH11",3.50571360201707e-30,0.341762091585979,0.491,0.258,"5","RNH1"
"LACTB4",4.79530411061664e-30,0.363598480617588,0.451,0.222,"5","LACTB"
"TUBA1A",7.02271851262796e-30,0.289403871351155,0.306,0.134,"5","TUBA1A"
"RAP1B",7.94491498554056e-30,0.371190200251777,0.41,0.194,"5","RAP1B"
"CHMP4B1",9.98109110901099e-30,0.282842297792696,0.409,0.207,"5","CHMP4B"
"UPP11",1.18277867826302e-29,0.348782919460357,0.444,0.222,"5","UPP1"
"REEP51",1.68921274319749e-29,0.281516924519481,0.463,0.249,"5","REEP5"
"ZFP362",1.69299819985104e-29,0.27858916747671,0.694,0.44,"5","ZFP36"
"GABARAP5",2.81158186473615e-29,0.344871183104308,0.53,0.291,"5","GABARAP"
"SLC11A1",1.48148717165757e-28,0.360311908032115,0.254,0.09,"5","SLC11A1"
"IFI35",1.62259630221523e-28,0.366778903082678,0.276,0.105,"5","IFI35"
"MYO1G",3.80549955038474e-28,0.434479284440858,0.269,0.091,"5","MYO1G"
"TCIRG11",6.50844230651242e-28,0.399943045193534,0.317,0.125,"5","TCIRG1"
"M6PR1",8.42999454021201e-28,0.297709281898202,0.397,0.199,"5","M6PR"
"NPL",1.07825910691738e-27,0.391195807787122,0.276,0.1,"5","NPL"
"LAMP2",1.53425504703668e-27,0.401867710993006,0.289,0.108,"5","LAMP2"
"PSMA42",2.51233234093917e-27,0.330086321281079,0.61,0.371,"5","PSMA4"
"ATP2B1",1.06061083024458e-26,0.456803152004667,0.366,0.16,"5","ATP2B1"
"PYCARD",1.13276365482169e-26,0.408440253179068,0.321,0.132,"5","PYCARD"
"TMEM179B",1.18610546113295e-26,0.28218430688884,0.34,0.163,"5","TMEM179B"
"RAB321",1.78408336140358e-26,0.45113917025484,0.326,0.131,"5","RAB32"
"ATP6V1B23",2.28053084451767e-26,0.412647204384433,0.429,0.21,"5","ATP6V1B2"
"TM9SF2",2.59925651529864e-26,0.297858614251189,0.259,0.106,"5","TM9SF2"
"ICAM3",8.41939572605279e-26,0.397517833932112,0.278,0.109,"5","ICAM3"
"TNFRSF1B1",1.01751902960223e-25,0.35317491211136,0.319,0.138,"5","TNFRSF1B"
"IL10RB",5.7016748132524e-25,0.304923623340929,0.289,0.126,"5","IL10RB"
"RNF1303",7.04288195481362e-25,0.252341621174301,0.394,0.21,"5","RNF130"
"OLR13",1.70321845127562e-24,0.374908896141484,0.41,0.207,"5","OLR1"
"CD300E1",3.96263739165615e-24,0.360730743851216,0.375,0.181,"5","CD300E"
"MPP1",8.65273806250347e-24,0.394492759723828,0.267,0.102,"5","MPP1"
"C1orf1624",9.00816079337368e-24,0.303648030423874,0.409,0.22,"5","C1orf162"
"TKT",9.53466338684342e-24,0.273587665954045,0.33,0.163,"5","TKT"
"COX17",4.49217775131725e-23,0.292970082066512,0.321,0.154,"5","COX17"
"ISG153",9.59434608007219e-23,0.557975847636538,0.47,0.269,"5","ISG15"
"FCN15",1.68293676815759e-22,0.279372413601926,0.472,0.274,"5","FCN1"
"NCOA4",3.17638188143584e-22,0.266884053331022,0.302,0.146,"5","NCOA4"
"DDAH2",7.45302490295986e-22,0.36023592792347,0.254,0.102,"5","DDAH2"
"DECR1",7.6600946250714e-22,0.344345012454679,0.271,0.116,"5","DECR1"
"FLOT11",3.96279985052782e-21,0.313625922647801,0.343,0.17,"5","FLOT1"
"TAP11",7.22546472855331e-21,0.313944295032067,0.429,0.24,"5","TAP1"
"TLR21",1.51658930093004e-20,0.317757017197418,0.252,0.104,"5","TLR2"
"PGK1",1.80403552670391e-20,0.260193774488764,0.713,0.498,"5","PGK1"
"ILK",6.83558784612689e-20,0.284976112417573,0.321,0.162,"5","ILK"
"HIST1H2BK",4.74664803759628e-19,0.259538024050475,0.338,0.181,"5","HIST1H2BK"
"FPR11",1.58534030127146e-18,0.342140695222121,0.252,0.112,"5","FPR1"
"ZEB21",7.13750474662174e-18,0.301578471409789,0.285,0.136,"5","ZEB2"
"PEA151",7.13267016533684e-15,0.309700308831653,0.3,0.159,"5","PEA15"
"CACYBP1",4.95829942744561e-252,2.01166267946217,0.805,0.278,"6","CACYBP"
"HSPA8",2.98847175859731e-228,1.66811200533208,0.895,0.631,"6","HSPA8"
"SRSF72",1.68135925794712e-207,1.77843165391307,0.801,0.382,"6","SRSF7"
"UBB2",2.42295294261205e-206,1.47548018902089,0.935,0.811,"6","UBB"
"UBC1",8.85053239279621e-204,1.49087610951354,0.942,0.794,"6","UBC"
"HSPB14",6.64384806612079e-196,2.37916816076707,0.567,0.216,"6","HSPB1"
"HSPE11",5.40979579992943e-176,2.00173841765466,0.668,0.205,"6","HSPE1"
"HSPH1",1.52279099816142e-171,2.06605217709683,0.56,0.1,"6","HSPH1"
"HSP90AB15",1.05894087198104e-162,1.62870086579,0.801,0.488,"6","HSP90AB1"
"DNAJB63",2.27759144124846e-152,1.4739099217514,0.69,0.333,"6","DNAJB6"
"SRSF22",2.25175027852226e-148,1.68041637266849,0.693,0.22,"6","SRSF2"
"HSPD14",2.51631918995367e-148,1.78574988909485,0.635,0.249,"6","HSPD1"
"YPEL52",2.14052980938249e-135,1.60381617525702,0.704,0.243,"6","YPEL5"
"SOD12",2.50801191829658e-134,1.42878394892161,0.809,0.456,"6","SOD1"
"EIF51",2.22558753339655e-133,1.2649685656581,0.755,0.452,"6","EIF5"
"BTG14",8.32301190544056e-129,1.23475914130385,0.964,0.812,"6","BTG1"
"MRPL18",5.59021138510461e-126,1.52770222150713,0.534,0.204,"6","MRPL18"
"DNAJA14",1.75712466261858e-123,1.2543104480689,0.682,0.458,"6","DNAJA1"
"HSPA1A",2.04278031590611e-121,2.086123781732,0.394,0.165,"6","HSPA1A"
"GADD45B",5.9467321086874e-121,1.94043567211232,0.516,0.144,"6","GADD45B"
"HSP90AA12",3.61272902618555e-117,1.22855783558871,0.733,0.578,"6","HSP90AA1"
"RSRC2",3.54560266194002e-115,1.65463501046155,0.542,0.119,"6","RSRC2"
"CREM5",1.06657999219885e-111,1.58026461390261,0.758,0.351,"6","CREM"
"TCP1",2.92221763941226e-110,1.47526909524054,0.563,0.173,"6","TCP1"
"DNAJB1",2.34350875633302e-105,1.67557680665301,0.386,0.095,"6","DNAJB1"
"CHORDC1",1.91424906505595e-102,1.59464377912407,0.422,0.093,"6","CHORDC1"
"AHSA1",2.1405312748788e-102,1.45285795412629,0.426,0.142,"6","AHSA1"
"ZFAND2A",9.90817776742543e-102,1.71661469296738,0.375,0.054,"6","ZFAND2A"
"HNRNPA2B1",2.63666278626433e-101,0.974218250934759,0.881,0.698,"6","HNRNPA2B1"
"UBE2D3",2.60582427130069e-98,1.00170118280984,0.801,0.563,"6","UBE2D3"
"RBM39",1.46531458184726e-94,1.22799618513802,0.679,0.302,"6","RBM39"
"CLK1",3.97880180729644e-94,1.60198270711402,0.451,0.079,"6","CLK1"
"NOP58",1.17984107719134e-87,1.50524952451579,0.505,0.092,"6","NOP58"
"BIRC34",1.42437876863652e-87,1.41072148277588,0.729,0.301,"6","BIRC3"
"CD69",1.22065491503107e-86,1.74076031199132,0.495,0.097,"6","CD69"
"SRSF32",1.09766559131066e-85,1.13292153024023,0.588,0.36,"6","SRSF3"
"CNBP2",3.91609339416612e-85,1.05045126856074,0.751,0.475,"6","CNBP"
"CCT42",2.64980684366302e-84,1.2325053665879,0.606,0.264,"6","CCT4"
"HIST1H2AC",2.26286191127054e-82,1.46124879385771,0.48,0.202,"6","HIST1H2AC"
"SNHG15",4.07673255936061e-81,1.50023792636861,0.372,0.051,"6","SNHG15"
"UBE2B",1.60039296654614e-80,1.12690698740713,0.693,0.344,"6","UBE2B"
"BCAS2",1.52750712797887e-79,1.32519062578606,0.498,0.156,"6","BCAS2"
"CALM14",3.77757636851808e-79,1.02038280373455,0.859,0.551,"6","CALM1"
"ZFAS11",5.85893819311545e-76,1.14257634319857,0.625,0.313,"6","ZFAS1"
"PNRC13",1.08200340459011e-75,1.17351287488138,0.621,0.292,"6","PNRC1"
"FAM177A11",1.25104482967564e-75,1.16375206908633,0.596,0.257,"6","FAM177A1"
"JUNB4",1.83695192439634e-75,1.02359229353064,0.711,0.601,"6","JUNB"
"SNHG12",1.2132210975522e-74,1.31820172238311,0.329,0.019,"6","SNHG12"
"CHD1",5.24671195725486e-74,1.31752252788877,0.437,0.12,"6","CHD1"
"STK17A4",1.81796669660997e-73,1.21592287181442,0.661,0.306,"6","STK17A"
"CALM21",4.71572607387338e-73,0.893446350527648,0.838,0.616,"6","CALM2"
"DOK2",1.75484371542643e-71,1.24006411271807,0.375,0.155,"6","DOK2"
"PIK3IP12",4.35432996366613e-71,1.32389415328081,0.596,0.171,"6","PIK3IP1"
"DDIT41",5.7823925906965e-69,1.48680912105945,0.52,0.203,"6","DDIT4"
"TXNIP",3.41166620243709e-68,1.31124569591384,0.44,0.175,"6","TXNIP"
"PPP1R2",1.15194395947944e-67,1.12653592840698,0.516,0.247,"6","PPP1R2"
"TSC22D33",2.50875405109521e-66,1.28106645036704,0.61,0.232,"6","TSC22D3"
"CCNL1",2.57231259259012e-66,1.155888004943,0.437,0.172,"6","CCNL1"
"SNHG8",1.38047103823635e-65,1.30844035342944,0.451,0.122,"6","SNHG8"
"JUN",1.51680034680129e-64,1.36508794154095,0.484,0.202,"6","JUN"
"NR4A2",2.89432225651136e-64,1.53594304462633,0.289,0.024,"6","NR4A2"
"CYCS1",6.20312953832846e-62,1.1088057965632,0.549,0.244,"6","CYCS"
"ATF4",7.33453270894569e-61,1.16130044920428,0.462,0.134,"6","ATF4"
"TRAT12",3.13281091353413e-60,1.36008455621156,0.516,0.15,"6","TRAT1"
"PAPOLA",4.64836567618936e-60,1.02083119218487,0.596,0.296,"6","PAPOLA"
"PTGES3",4.89554483953357e-60,0.998474250770534,0.563,0.303,"6","PTGES3"
"KLF62",5.80707069470049e-57,1.03339117260703,0.415,0.263,"6","KLF6"
"RHOH3",1.08689117299857e-56,1.20017372948862,0.527,0.165,"6","RHOH"
"IDI1",4.08722631375726e-56,1.24107038078542,0.372,0.101,"6","IDI1"
"SC5D",1.40088774273388e-55,1.28512463188727,0.3,0.041,"6","SC5D"
"C1orf631",1.87605922619369e-54,0.935306264433403,0.538,0.296,"6","C1orf63"
"HNRNPDL3",2.11556557701806e-53,1.01277345892412,0.592,0.26,"6","HNRNPDL"
"HNRNPU",8.10976047588953e-52,0.884212220840098,0.549,0.342,"6","HNRNPU"
"ZNF331",1.73849409884108e-51,1.35716574916848,0.274,0.044,"6","ZNF331"
"PTP4A1",1.81580240711152e-51,1.1762546432705,0.318,0.061,"6","PTP4A1"
"SRSF11",1.36486451771506e-50,1.04131195082312,0.469,0.178,"6","SRSF11"
"MORF4L2",3.2133234565631e-50,0.989004271392793,0.419,0.171,"6","MORF4L2"
"SELK",7.08427941430907e-50,0.855553280109318,0.657,0.425,"6","SELK"
"CD551",3.19936230601777e-49,1.02217723464921,0.495,0.223,"6","CD55"
"CYTIP1",5.37391643785089e-49,0.842047377305329,0.69,0.498,"6","CYTIP"
"PIM31",5.86071372937665e-49,1.0601253090461,0.462,0.205,"6","PIM3"
"STIP1",2.52233499742692e-46,0.992437888417175,0.318,0.108,"6","STIP1"
"SBDS",4.6816687785801e-46,1.07243100415719,0.412,0.12,"6","SBDS"
"SON1",6.27491323246345e-46,0.945777651538243,0.549,0.259,"6","SON"
"NUDC2",1.13018104690003e-45,0.968653460725428,0.513,0.25,"6","NUDC"
"EIF4A25",2.49184304328933e-45,0.907073711426043,0.704,0.42,"6","EIF4A2"
"GPBP11",1.15926534773592e-44,0.963442127074033,0.487,0.225,"6","GPBP1"
"LEPROTL15",2.56658764968652e-44,1.00431798163441,0.635,0.293,"6","LEPROTL1"
"ARID4B",2.78554452571026e-44,0.962235755163891,0.401,0.177,"6","ARID4B"
"DDX5",5.08683066236334e-44,0.684966283332032,0.621,0.539,"6","DDX5"
"H2AFZ1",3.15022469295873e-43,0.74031459302137,0.628,0.489,"6","H2AFZ"
"DDX241",6.89874440645454e-43,1.00798660916243,0.469,0.194,"6","DDX24"
"HSPA91",7.79818900411593e-43,1.02944619478511,0.415,0.12,"6","HSPA9"
"IER2",1.73809509201794e-42,0.885713105582093,0.545,0.385,"6","IER2"
"TAF1D",4.13106065410873e-42,1.06376061151364,0.368,0.095,"6","TAF1D"
"ST13",6.37803293789209e-42,0.726526254758996,0.495,0.367,"6","ST13"
"SAP18",3.72435260154335e-41,0.678793545313075,0.697,0.554,"6","SAP18"
"DEDD2",4.41226867156433e-41,0.937023108490936,0.285,0.068,"6","DEDD2"
"EIF3I1",1.31630269415008e-40,0.843922799277016,0.534,0.273,"6","EIF3I"
"RBMX",1.60390485899942e-40,0.937195710632153,0.448,0.199,"6","RBMX"
"ARF4",1.90539712706446e-40,0.889046059226026,0.394,0.193,"6","ARF4"
"SUMO1",4.62993561830717e-40,0.739156811248925,0.538,0.357,"6","SUMO1"
"C11orf58",5.21394942479215e-40,0.746980622445913,0.585,0.425,"6","C11orf58"
"SNRPA1",7.71650242167514e-40,1.05028843048687,0.329,0.088,"6","SNRPA1"
"IFRD1",1.3168754992817e-39,1.04524224823551,0.267,0.053,"6","IFRD1"
"MATR3",1.97500628890393e-39,0.952235659974197,0.412,0.173,"6","MATR3"
"CCDC59",3.35652011025753e-39,0.974542722232231,0.339,0.105,"6","CCDC59"
"U2AF1",3.39897441546843e-39,0.707600587873909,0.617,0.453,"6","U2AF1"
"BUD31",3.43638907877178e-39,0.80377253756902,0.44,0.27,"6","BUD31"
"SUB11",6.89218664054815e-39,0.677308449276161,0.664,0.495,"6","SUB1"
"EZR3",7.82922951820701e-39,1.00896612036385,0.484,0.226,"6","EZR"
"CHMP1B",1.66870723792786e-38,0.925820446363949,0.3,0.128,"6","CHMP1B"
"TANK",3.39616853731558e-38,0.859155162183511,0.314,0.14,"6","TANK"
"MCL11",1.28880484060902e-37,0.87540220256908,0.44,0.245,"6","MCL1"
"CCT21",2.32241609509733e-37,1.00656078715303,0.404,0.132,"6","CCT2"
"OSER1",2.00065380133145e-36,0.884823255534256,0.408,0.166,"6","OSER1"
"PPIG",2.41822442790389e-36,0.861230436028485,0.354,0.203,"6","PPIG"
"PRPF38B",3.45548342137923e-36,0.961679066807076,0.339,0.12,"6","PRPF38B"
"HBP1",5.06143607526758e-36,0.934526135913327,0.354,0.124,"6","HBP1"
"ARID5A1",2.06657793196602e-35,0.895917616432824,0.473,0.204,"6","ARID5A"
"RBM8A",2.18846463686715e-35,0.689434663485244,0.581,0.422,"6","RBM8A"
"RHBDD2",4.92194055266612e-35,0.953197806185362,0.329,0.112,"6","RHBDD2"
"HNRNPA01",5.20848720125869e-35,0.72084153532484,0.563,0.379,"6","HNRNPA0"
"JMJD6",5.60111473666841e-35,0.925530215445336,0.264,0.085,"6","JMJD6"
"FKBP4",1.53073623389929e-34,0.91572130347769,0.271,0.101,"6","FKBP4"
"GPR1832",3.52630972652686e-34,0.919700561757488,0.599,0.37,"6","GPR183"
"TAF7",6.66676950366986e-34,0.879331589959258,0.43,0.212,"6","TAF7"
"TERF2IP1",1.10601516837792e-33,0.880447351140214,0.401,0.187,"6","TERF2IP"
"NHP2L13",1.71276844420383e-33,0.81896394819686,0.549,0.292,"6","NHP2L1"
"NDNL2",2.20004677038269e-33,0.960559195232376,0.329,0.11,"6","NDNL2"
"NXT1",2.75874096333443e-33,0.932784599428753,0.332,0.105,"6","NXT1"
"ZFP36L24",1.41547880171789e-32,0.889186975211939,0.614,0.372,"6","ZFP36L2"
"EIF5A1",1.79495238408857e-32,0.89535585957536,0.458,0.215,"6","EIF5A"
"VAMP24",1.93528019646559e-32,0.823940793843979,0.516,0.261,"6","VAMP2"
"CIRBP",3.11485338170499e-32,0.737097118658026,0.549,0.369,"6","CIRBP"
"WDR74",1.05504874452729e-31,0.944222510874974,0.282,0.057,"6","WDR74"
"DNAJB9",2.06850495120214e-31,0.873912813392815,0.307,0.099,"6","DNAJB9"
"EIF4A3",5.7401618135573e-31,0.769293152980521,0.361,0.198,"6","EIF4A3"
"HNRNPH3",8.08507777461451e-31,0.759145396762177,0.336,0.172,"6","HNRNPH3"
"SLC2A3",1.67035372721676e-30,0.876853805055969,0.285,0.093,"6","SLC2A3"
"KRT10",2.16402855564725e-30,0.748046177117191,0.44,0.278,"6","KRT10"
"POLR2C",3.07139222563894e-30,0.90484499493331,0.282,0.082,"6","POLR2C"
"EIF4G2",3.22538397830019e-30,0.657385918022704,0.448,0.317,"6","EIF4G2"
"DPM1",3.97242256372526e-30,0.791050931237662,0.35,0.173,"6","DPM1"
"WHAMM",4.75083076780275e-30,0.909127961369964,0.278,0.066,"6","WHAMM"
"CXCR45",1.4073218894886e-29,0.667544682927784,0.848,0.65,"6","CXCR4"
"G3BP2",2.02994431118182e-29,0.810575926643272,0.321,0.137,"6","G3BP2"
"PFDN2",2.34676483174435e-29,0.802614995135984,0.386,0.172,"6","PFDN2"
"ELF1",2.41897083658052e-29,0.784056259068354,0.368,0.155,"6","ELF1"
"NDFIP13",6.96958035577443e-29,0.756592818294064,0.433,0.258,"6","NDFIP1"
"KMT2E2",7.06336944324411e-29,0.767402006088269,0.466,0.239,"6","KMT2E"
"C12orf57",8.7382686482317e-29,0.918274784669551,0.296,0.081,"6","C12orf57"
"ILF22",1.0108391572209e-28,0.717740309480625,0.444,0.258,"6","ILF2"
"CHD2",1.68425119089787e-28,0.87049715245617,0.321,0.125,"6","CHD2"
"EIF2S11",2.50391172372864e-28,0.836063343369993,0.383,0.157,"6","EIF2S1"
"VDAC2",3.03693405281398e-28,0.664492509737918,0.412,0.263,"6","VDAC2"
"SYAP1",4.79498548936455e-28,0.889556457981352,0.3,0.101,"6","SYAP1"
"SSB1",8.00221748767141e-28,0.762218415630089,0.415,0.227,"6","SSB"
"CHIC2",1.04233413777817e-27,0.720546528002162,0.282,0.15,"6","CHIC2"
"STRAP1",1.0508702008839e-27,0.754077749925512,0.386,0.181,"6","STRAP"
"RNF114",1.45246743434863e-27,0.763744311544744,0.343,0.141,"6","RNF114"
"ANKRD122",1.59518712488007e-27,0.718407846851495,0.491,0.306,"6","ANKRD12"
"MMADHC",2.02302677370196e-27,0.743236063461362,0.357,0.174,"6","MMADHC"
"GSPT1",4.92747346526541e-27,0.889393695141547,0.274,0.093,"6","GSPT1"
"WSB1",5.87433904513904e-27,0.769379515268971,0.31,0.133,"6","WSB1"
"IL7R5",7.79976599492644e-27,0.763059487583632,0.545,0.259,"6","IL7R"
"TUBA4A",9.31771908123826e-27,1.00148142815515,0.264,0.076,"6","TUBA4A"
"VAPA",1.19326701388721e-26,0.642888344456366,0.458,0.301,"6","VAPA"
"LITAF1",1.37265086504125e-26,0.748205558370276,0.458,0.302,"6","LITAF"
"SRRM1",1.50088954569148e-26,0.72708143307622,0.412,0.214,"6","SRRM1"
"TMEM2431",2.66193427532395e-26,0.859366580546597,0.357,0.142,"6","TMEM243"
"SNRPG",4.82414507113877e-26,0.665536938663061,0.372,0.225,"6","SNRPG"
"GIMAP75",4.86534689391563e-26,0.8620788227109,0.632,0.359,"6","GIMAP7"
"BCLAF1",1.04605573871571e-25,0.811044539000661,0.26,0.09,"6","BCLAF1"
"GGNBP2",3.37672230721351e-25,0.791239392775847,0.282,0.1,"6","GGNBP2"
"MED10",3.46067641804651e-25,0.746305779194768,0.401,0.208,"6","MED10"
"ARRDC2",3.67419073456176e-25,0.81336431355233,0.264,0.071,"6","ARRDC2"
"PPP2CA",5.9481784633521e-25,0.724900055314528,0.336,0.186,"6","PPP2CA"
"CCT82",6.01823776866907e-25,0.713614557193738,0.448,0.259,"6","CCT8"
"RAN2",7.26772721550711e-25,0.605066106145189,0.664,0.496,"6","RAN"
"IRF11",9.00193344032683e-25,0.788183570726213,0.354,0.199,"6","IRF1"
"CD164",1.09740438858526e-24,0.698629179764129,0.43,0.26,"6","CD164"
"DDX21",2.39486726847746e-24,0.840326915722968,0.264,0.081,"6","DDX21"
"STAT3",4.0494778621293e-24,0.790013211058424,0.292,0.128,"6","STAT3"
"CCT32",4.68353263089562e-24,0.689377034560605,0.419,0.253,"6","CCT3"
"RGS11",1.06754341573013e-23,0.99265764752518,0.332,0.138,"6","RGS1"
"DUSP21",1.33380287543232e-23,1.20691674572769,0.332,0.148,"6","DUSP2"
"KRAS",1.34956352301515e-23,0.684976012906058,0.339,0.192,"6","KRAS"
"GTF2B",2.28873517143235e-23,0.713767074930595,0.3,0.135,"6","GTF2B"
"SNRPB1",2.60579648284334e-23,0.604190501045907,0.422,0.294,"6","SNRPB"
"RSL1D15",3.48754961475908e-23,0.72917300521374,0.505,0.269,"6","RSL1D1"
"ZNF24",4.08776641748161e-23,0.723178324516538,0.253,0.105,"6","ZNF24"
"SKP1",4.33314068141503e-23,0.456619104911156,0.718,0.665,"6","SKP1"
"C7orf55-LUC7L2",8.82723800807713e-23,0.77184177062539,0.264,0.087,"6","C7orf55-LUC7L2"
"DCTN6",9.75695177262323e-23,0.717992976245214,0.26,0.1,"6","DCTN6"
"TGIF11",1.23329777065342e-22,0.727419099755435,0.397,0.235,"6","TGIF1"
"EVI2A3",1.35461130782462e-22,0.691752590164697,0.419,0.276,"6","EVI2A"
"MTCH1",1.64850167838562e-22,0.657895955173818,0.307,0.177,"6","MTCH1"
"NDUFA5",3.14553637220066e-22,0.72065765162423,0.329,0.161,"6","NDUFA5"
"MAP1LC3B1",7.11126060273754e-22,0.527305255680062,0.455,0.353,"6","MAP1LC3B"
"SNHG7",9.30308862002805e-22,0.772220154243385,0.31,0.093,"6","SNHG7"
"ZNF207",1.32550390289651e-21,0.714679127103475,0.303,0.147,"6","ZNF207"
"MRPL32",1.5141624274756e-21,0.7575015493981,0.314,0.137,"6","MRPL32"
"MRFAP1",2.58856704449909e-21,0.703118642323306,0.339,0.192,"6","MRFAP1"
"HMGB22",2.6619159649462e-21,0.760437745498133,0.426,0.207,"6","HMGB2"
"WDR33",2.95928667250021e-21,0.745453106218809,0.274,0.103,"6","WDR33"
"RGCC6",3.30560546459454e-21,0.702044826569497,0.606,0.466,"6","RGCC"
"FUBP1",4.3708231390355e-21,0.734631286592902,0.256,0.102,"6","FUBP1"
"AKIRIN1",5.30729642136272e-21,0.738387325626263,0.289,0.112,"6","AKIRIN1"
"NECAP2",6.2264781886011e-21,0.63957128133943,0.296,0.176,"6","NECAP2"
"SLC3A23",6.28305810747554e-21,0.500357313442803,0.534,0.471,"6","SLC3A2"
"LTB5",1.22391942912359e-20,0.739553937798039,0.603,0.336,"6","LTB"
"DERL2",1.60206171992791e-20,0.597655019514386,0.314,0.191,"6","DERL2"
"TAF9",2.24059830921919e-20,0.555401044435102,0.375,0.28,"6","TAF9"
"SF3B1",2.29315603262192e-20,0.728259858401815,0.339,0.16,"6","SF3B1"
"CCT6A1",3.11624319272371e-20,0.626912949254248,0.332,0.209,"6","CCT6A"
"POLR2K",3.28709372147433e-20,0.68576192184213,0.26,0.09,"6","POLR2K"
"PPP1CB",6.81684419191732e-20,0.695993083022754,0.26,0.104,"6","PPP1CB"
"NGDN",7.14222524198296e-20,0.732260338948314,0.285,0.108,"6","NGDN"
"PPP2R5C1",9.0404596546264e-20,0.711790556898411,0.357,0.172,"6","PPP2R5C"
"SELL2",9.10759519512917e-20,0.828279022179194,0.437,0.204,"6","SELL"
"SLU7",1.02137042403935e-19,0.654710786384754,0.274,0.125,"6","SLU7"
"PSMD6",1.08728591294687e-19,0.714655051140911,0.289,0.136,"6","PSMD6"
"CYLD",1.18158622893753e-19,0.708744306551576,0.296,0.13,"6","CYLD"
"CDC42SE2",1.2834268499947e-19,0.711043924710566,0.336,0.158,"6","CDC42SE2"
"EWSR1",1.32160563628613e-19,0.497871695226395,0.274,0.202,"6","EWSR1"
"ZNHIT3",1.43513034927074e-19,0.689280463396903,0.329,0.134,"6","ZNHIT3"
"WBSCR221",2.72970605078243e-19,0.73936587633574,0.318,0.144,"6","WBSCR22"
"MRPL22",2.96977386771865e-19,0.692730562921366,0.267,0.126,"6","MRPL22"
"EIF1B",4.71653737542425e-19,0.623292182954154,0.347,0.205,"6","EIF1B"
"PHF5A",5.19589603686902e-19,0.662330255037661,0.285,0.138,"6","PHF5A"
"ZNRD1",5.68506616858233e-19,0.741322977854207,0.271,0.118,"6","ZNRD1"
"CCR75",6.17906811383164e-19,0.619326869504899,0.661,0.389,"6","CCR7"
"LSM14A",1.02849914611369e-18,0.686228159029596,0.343,0.146,"6","LSM14A"
"NDUFV21",1.94210235426437e-18,0.547534756429346,0.498,0.368,"6","NDUFV2"
"EIF4H",2.52281975954189e-18,0.68143119528271,0.303,0.14,"6","EIF4H"
"PPP1CC",3.61023061317312e-18,0.696039503036995,0.282,0.13,"6","PPP1CC"
"GCC2",4.51736454305428e-18,0.702879187888638,0.354,0.157,"6","GCC2"
"TRA2B",6.74063828198196e-18,0.599754478977237,0.282,0.148,"6","TRA2B"
"SF3B14",1.0967898628505e-17,0.553146044161873,0.397,0.261,"6","SF3B14"
"PIM1",1.29759998606659e-17,0.748165889409228,0.307,0.131,"6","PIM1"
"BAZ1A1",1.42545565393608e-17,0.512909867825397,0.379,0.295,"6","BAZ1A"
"CWC15",1.43134813519481e-17,0.634894569786452,0.329,0.182,"6","CWC15"
"ARL6IP1",2.01563894190756e-17,0.483778255390403,0.347,0.283,"6","ARL6IP1"
"XBP1",6.34422246502867e-17,0.647263647602301,0.35,0.221,"6","XBP1"
"ZC3H15",6.53808404837412e-17,0.624029966170734,0.314,0.178,"6","ZC3H15"
"TMED2",7.45695419475342e-17,0.493915743572469,0.332,0.252,"6","TMED2"
"SF1",7.68349295712924e-17,0.614227774206152,0.325,0.184,"6","SF1"
"PMAIP11",8.09996905134308e-17,0.777476287106966,0.253,0.081,"6","PMAIP1"
"NFE2L23",1.0302106494371e-16,0.466062386284325,0.339,0.276,"6","NFE2L2"
"NDUFA6",1.15683317392365e-16,0.513740174415236,0.307,0.223,"6","NDUFA6"
"ARF1",1.64967008196621e-16,0.413093746430077,0.513,0.456,"6","ARF1"
"NFKBIA5",1.65244866981742e-16,0.624280826228778,0.664,0.566,"6","NFKBIA"
"TUBA1A1",2.31230186048059e-16,0.659687324494747,0.282,0.142,"6","TUBA1A"
"P2RY10",2.76230635143257e-16,0.744367483647839,0.274,0.109,"6","P2RY10"
"HNRNPC2",3.14178142076946e-16,0.543290099973,0.401,0.281,"6","HNRNPC"
"HAX1",3.26929129979879e-16,0.606053227361051,0.339,0.189,"6","HAX1"
"UQCRC2",3.55263490524278e-16,0.543414040943187,0.26,0.185,"6","UQCRC2"
"BZW1",3.59993760962236e-16,0.58037981573493,0.3,0.175,"6","BZW1"
"DNTTIP2",4.40603203473856e-16,0.553694919586927,0.31,0.196,"6","DNTTIP2"
"ITM2A4",6.27930728227315e-16,0.733554513831053,0.394,0.175,"6","ITM2A"
"SNW1",8.77682209646392e-16,0.586426349317275,0.271,0.158,"6","SNW1"
"RGS22",1.01437704913674e-15,0.832432208223231,0.274,0.162,"6","RGS2"
"PRPF38A",1.22970173232737e-15,0.572334520602667,0.264,0.142,"6","PRPF38A"
"KLF21",1.25273498638934e-15,0.73449286921304,0.267,0.109,"6","KLF2"
"MRPL47",1.37203590768913e-15,0.525885614476845,0.271,0.158,"6","MRPL47"
"ASF1A",1.52415808430086e-15,0.686248664391841,0.267,0.108,"6","ASF1A"
"CUTA3",1.82478138363893e-15,0.6015823815615,0.339,0.217,"6","CUTA"
"NOL71",2.32212785773653e-15,0.564092155157635,0.343,0.208,"6","NOL7"
"ORMDL1",2.35450739911577e-15,0.572050758967613,0.285,0.156,"6","ORMDL1"
"RSL24D15",2.4832440552898e-15,0.584159142869355,0.469,0.282,"6","RSL24D1"
"SFPQ",3.49968567174468e-15,0.526871148007424,0.267,0.177,"6","SFPQ"
"SNRPB2",3.76388709767626e-15,0.47091138289304,0.296,0.213,"6","SNRPB2"
"TRMT1123",4.92752167256444e-15,0.495640842742448,0.498,0.378,"6","TRMT112"
"C9orf783",5.04116602811109e-15,0.608147664557544,0.375,0.207,"6","C9orf78"
"PPP1R11",6.0472969379087e-15,0.48908916463607,0.347,0.225,"6","PPP1R11"
"NDUFS54",7.06412281858819e-15,0.526950636988598,0.498,0.361,"6","NDUFS5"
"SEPW1",7.56351486702379e-15,0.574025041069003,0.303,0.195,"6","SEPW1"
"HNRNPK1",1.5339082146811e-14,0.440057074865272,0.578,0.484,"6","HNRNPK"
"BANF11",1.5919510006546e-14,0.46439611821934,0.253,0.19,"6","BANF1"
"YTHDF2",1.99139076732698e-14,0.596245733092696,0.278,0.145,"6","YTHDF2"
"MAX",4.63472320778435e-14,0.560654306496158,0.256,0.144,"6","MAX"
"HINT14",6.17319902412147e-14,0.389359726596913,0.686,0.608,"6","HINT1"
"H2AFV",7.53228473684936e-14,0.404773505932218,0.484,0.411,"6","H2AFV"
"REL1",9.09505326578885e-14,0.673021471901026,0.26,0.127,"6","REL"
"YIPF51",9.497491438278e-14,0.647971376292073,0.296,0.134,"6","YIPF5"
"EMC6",3.12952878523966e-13,0.507474417505634,0.278,0.182,"6","EMC6"
"YWHAB",3.48389017220638e-13,0.372639670345234,0.552,0.5,"6","YWHAB"
"MAGOH",4.05009739883332e-13,0.500452446706472,0.375,0.249,"6","MAGOH"
"FAM96B",4.12883309520154e-13,0.400821276588469,0.437,0.362,"6","FAM96B"
"IK",4.80339887146305e-13,0.577948619744767,0.292,0.146,"6","IK"
"RAP1B1",5.6009004154774e-13,0.452655409716815,0.292,0.208,"6","RAP1B"
"MKRN1",5.83563306070459e-13,0.572365494918516,0.271,0.137,"6","MKRN1"
"DUSP111",6.1963710226504e-13,0.650619962714902,0.253,0.119,"6","DUSP11"
"SRP19",6.9537225399829e-13,0.48783008782887,0.253,0.157,"6","SRP19"
"SYF21",8.56377048259143e-13,0.432475765492598,0.462,0.371,"6","SYF2"
"SF3B5",1.36116975209474e-12,0.481814976789049,0.354,0.273,"6","SF3B5"
"TAGLN22",1.48961823964814e-12,0.457638485328492,0.365,0.307,"6","TAGLN2"
"RNPS12",1.53720950788536e-12,0.531690648003834,0.368,0.245,"6","RNPS1"
"TMEM665",1.54177716026568e-12,0.271049378382908,0.834,0.742,"6","TMEM66"
"MRPL20",1.66227057167413e-12,0.431084975999225,0.26,0.21,"6","MRPL20"
"EAPP",2.03441233982389e-12,0.537411648430654,0.332,0.168,"6","EAPP"
"COX7B",2.24173483787247e-12,0.431594137689377,0.321,0.244,"6","COX7B"
"SDHD",2.46706707581666e-12,0.41066541493785,0.321,0.243,"6","SDHD"
"SMCHD1",2.48242023005021e-12,0.527658091265037,0.264,0.137,"6","SMCHD1"
"UBE2N1",2.68549966757861e-12,0.498259572741693,0.292,0.193,"6","UBE2N"
"PNISR1",3.1401158469354e-12,0.500415219490265,0.339,0.238,"6","PNISR"
"SOCS3",4.05484115852384e-12,0.611727965043447,0.256,0.139,"6","SOCS3"
"SPOCK22",6.89457607346847e-12,0.611697228362868,0.321,0.149,"6","SPOCK2"
"NPM15",8.05133311459694e-12,0.322246765473147,0.751,0.584,"6","NPM1"
"HNRNPF2",9.11399812735316e-12,0.481685638948148,0.419,0.317,"6","HNRNPF"
"PSMD7",1.41482964941618e-11,0.407287713356332,0.343,0.273,"6","PSMD7"
"ATP5F1",1.65286708383732e-11,0.382419354005771,0.339,0.282,"6","ATP5F1"
"CLEC2B2",1.70577621080788e-11,0.53681191811418,0.325,0.19,"6","CLEC2B"
"PRPF40A",1.86376853087542e-11,0.464606647620961,0.267,0.177,"6","PRPF40A"
"SCAF11",1.90475747012012e-11,0.479124599463601,0.278,0.19,"6","SCAF11"
"MDH12",2.13681771852749e-11,0.471337274905771,0.354,0.248,"6","MDH1"
"TAX1BP1",3.85174570107457e-11,0.391100870622814,0.394,0.301,"6","TAX1BP1"
"GNAS1",9.13404936949368e-11,0.46968079094183,0.354,0.254,"6","GNAS"
"PRRC2C",1.17008659965639e-10,0.482219219221133,0.289,0.175,"6","PRRC2C"
"SSBP11",1.26684583973424e-10,0.373996051867456,0.372,0.314,"6","SSBP1"
"SERBP14",1.28360872879945e-10,0.492592954582179,0.361,0.286,"6","SERBP1"
"BTG21",1.64182803900681e-10,0.440025764599304,0.303,0.23,"6","BTG2"
"EMC7",3.37370078032035e-10,0.35602609833426,0.31,0.25,"6","EMC7"
"PSMB5",3.38538848136915e-10,0.394058847824125,0.256,0.197,"6","PSMB5"
"CSDE12",5.0716102646096e-10,0.436804460696577,0.383,0.266,"6","CSDE1"
"EIF5B",1.07095805874166e-09,0.50331758318646,0.264,0.141,"6","EIF5B"
"UGP2",1.17932228711771e-09,0.462895988001937,0.289,0.192,"6","UGP2"
"PSMA5",1.20732431230716e-09,0.352227287054848,0.401,0.324,"6","PSMA5"
"CAMLG",1.31811995575578e-09,0.485676339663994,0.264,0.137,"6","CAMLG"
"TRAPPC4",1.50529149071413e-09,0.425118500853919,0.292,0.2,"6","TRAPPC4"
"RASSF5",1.85391484355023e-09,0.444607395410943,0.274,0.178,"6","RASSF5"
"TMEM1234",1.13473238444606e-08,0.414231879813032,0.401,0.308,"6","TMEM123"
"PAIP2",1.15290100866206e-08,0.318186932486682,0.444,0.373,"6","PAIP2"
"CLDND12",1.50298614557401e-08,0.369531961146535,0.264,0.167,"6","CLDND1"
"EIF3E5",1.87901896639203e-08,0.348990905576145,0.44,0.346,"6","EIF3E"
"IL2RG3",2.36045895849508e-08,0.41455185515052,0.527,0.402,"6","IL2RG"
"RWDD12",2.44681694723234e-08,0.485288181252897,0.329,0.189,"6","RWDD1"
"FYN2",4.45100037911558e-08,0.530445703067886,0.271,0.149,"6","FYN"
"RPS263",4.60593250578709e-08,0.319758604764761,0.603,0.511,"6","RPS26"
"NR3C12",5.31757381098357e-08,0.494803399769176,0.303,0.185,"6","NR3C1"
"ANP32B4",8.55206432067091e-08,0.347394872464482,0.3,0.241,"6","ANP32B"
"IMP31",9.94534219460189e-08,0.454186094976153,0.278,0.168,"6","IMP3"
"SLBP",1.55751499055403e-07,0.407289220471176,0.264,0.169,"6","SLBP"
"NDUFB8.11",2.02122053363583e-07,0.385227669454933,0.484,0.371,"6","NDUFB8.1"
"LYSMD23",2.85676992333921e-07,0.391179190732851,0.321,0.255,"6","LYSMD2"
"PDCD42",3.40331011396449e-07,0.491459931811224,0.292,0.171,"6","PDCD4"
"MED4",3.49121046572563e-07,0.343437872912321,0.26,0.203,"6","MED4"
"BUB32",5.35764483185086e-07,0.390860020785575,0.336,0.236,"6","BUB3"
"ENSA",1.04905568815486e-06,0.39838836506123,0.256,0.186,"6","ENSA"
"CLEC2D3",1.09155611204819e-06,0.455278812203731,0.282,0.154,"6","CLEC2D"
"ANAPC162",2.28331707608283e-06,0.361927011657075,0.44,0.33,"6","ANAPC16"
"EIF2S21",1.65867529540684e-05,0.257992490384572,0.314,0.262,"6","EIF2S2"
"DDX182",1.75659700406969e-05,0.385494902621893,0.292,0.196,"6","DDX18"
"ACP11",4.74931859283176e-05,0.346961230896416,0.282,0.196,"6","ACP1"
"C14orf1661",0.000640936472122443,0.269122092444688,0.329,0.251,"6","C14orf166"
"C6orf484",0.00883088728132652,0.282057570757933,0.35,0.273,"6","C6orf48"
"HLA-DPB15",2.26357273982978e-275,2.23899771167032,1,0.46,"7","HLA-DPB1"
"HLA-DPA17",1.0774535281444e-253,2.23662060494205,0.995,0.423,"7","HLA-DPA1"
"HLA-DRA6",1.14278262230964e-233,2.0495117169027,1,0.568,"7","HLA-DRA"
"CD746",1.49813737049078e-227,1.91885525882374,1,0.672,"7","CD74"
"HLA-DRB16",1.34187631884436e-200,1.88983874874114,1,0.53,"7","HLA-DRB1"
"HLA-DQA13",1.51854292300904e-192,2.23084953604101,0.955,0.182,"7","HLA-DQA1"
"PKIB",1.01857933873067e-172,1.61566313891182,0.568,0.006,"7","PKIB"
"HLA-DQB15",1.00593236350778e-158,1.85440771090538,0.946,0.267,"7","HLA-DQB1"
"TXN5",1.21211604121701e-154,2.09981361218732,0.896,0.395,"7","TXN"
"HLA-DMA2",3.4669009382577e-152,1.67157973587591,0.932,0.195,"7","HLA-DMA"
"LYZ7",2.2157417495901e-144,2.14742781271396,0.986,0.356,"7","LYZ"
"IL1R2",1.68121636940115e-125,2.00986102802105,0.527,0.029,"7","IL1R2"
"CCL22",1.82000909871002e-121,1.79998294319952,0.414,0.004,"7","CCL22"
"ANXA26",2.71231719348745e-118,1.110008595749,1,0.55,"7","ANXA2"
"CST37",1.72621955043058e-115,1.44497389334251,0.991,0.4,"7","CST3"
"ACTB5",2.94546253814751e-112,0.922070867959691,1,0.932,"7","ACTB"
"ALDH2",6.31273168651262e-109,1.33447621702324,0.703,0.088,"7","ALDH2"
"SERPINB1",4.4102511376496e-96,1.4897606152791,0.604,0.209,"7","SERPINB1"
"GSN",5.43862056608848e-94,1.28748195131445,0.477,0.031,"7","GSN"
"PFN15",4.83168354415717e-93,0.65656336582083,1,0.907,"7","PFN1"
"RAB9A",1.68636596095039e-79,1.49743639055121,0.468,0.098,"7","RAB9A"
"S100A106",5.12553157772301e-79,0.741158545232771,1,0.666,"7","S100A10"
"DAPP1",3.63233265615823e-78,1.08344494571659,0.495,0.045,"7","DAPP1"
"AGPAT9",4.26323390713122e-78,1.0009523808564,0.428,0.029,"7","AGPAT9"
"PKM6",7.15206491169982e-75,0.888257649134733,0.995,0.601,"7","PKM"
"IL4I11",1.8321633029003e-74,1.09548172739995,0.649,0.117,"7","IL4I1"
"KYNU7",3.0599847050745e-74,1.01602649828719,0.941,0.371,"7","KYNU"
"FCER1A",5.52172961203117e-73,1.17453724534029,0.252,0.002,"7","FCER1A"
"TIMP17",7.74602276945818e-72,0.464589720195481,0.986,0.557,"7","TIMP1"
"IDO1",1.52689039157424e-71,2.12225288667349,0.374,0.036,"7","IDO1"
"GPR137B",3.07518609409615e-71,1.23332035017509,0.532,0.081,"7","GPR137B"
"GPR1833",3.28859838599631e-70,1.14781004227868,0.887,0.362,"7","GPR183"
"INSIG16",4.25836673847119e-70,1.3251706320879,0.766,0.255,"7","INSIG1"
"LGALS16",9.1438182145958e-70,0.671746106780075,0.995,0.53,"7","LGALS1"
"RAMP1",1.13061014624852e-69,1.35986833652283,0.333,0.014,"7","RAMP1"
"BID7",4.21887417589768e-69,1.0679321829777,0.829,0.31,"7","BID"
"ENTPD1",1.12845462668634e-68,0.717018045383918,0.347,0.019,"7","ENTPD1"
"MARCKSL17",3.16222554298194e-66,0.895900188546287,0.973,0.455,"7","MARCKSL1"
"TCTN3",3.48001992740018e-66,0.891273075976094,0.383,0.029,"7","TCTN3"
"SPI17",1.50862815391674e-64,0.805939986718829,0.941,0.391,"7","SPI1"
"CD635",1.25195779778029e-63,0.394122962739699,1,0.558,"7","CD63"
"C15orf486",7.01823870396903e-63,0.756089288829409,0.959,0.44,"7","C15orf48"
"HLA-DRB5",3.54514320263872e-62,1.57755438757924,0.401,0.058,"7","HLA-DRB5"
"TFPI",2.5381047801733e-61,0.6592791169295,0.257,0.006,"7","TFPI"
"RHOF",5.46855565437586e-60,0.530911810302515,0.374,0.062,"7","RHOF"
"FAM49A1",4.1061454466649e-58,1.01769985851732,0.459,0.064,"7","FAM49A"
"CST71",4.39690086362484e-57,1.25278804381131,0.518,0.087,"7","CST7"
"CD91",6.69972074724166e-56,1.27144274553374,0.64,0.18,"7","CD9"
"CFP7",1.22134222926189e-55,0.96395221464128,0.788,0.289,"7","CFP"
"CD862",2.91397231182531e-55,0.892877034872053,0.649,0.164,"7","CD86"
"HLA-DMB",3.28448295465528e-55,0.874049320809666,0.437,0.058,"7","HLA-DMB"
"MYL63",1.36090716248057e-53,0.462686070809231,1,0.914,"7","MYL6"
"TALDO16",2.099109012582e-53,0.807145993066184,0.932,0.461,"7","TALDO1"
"ID21",2.23319423616822e-53,1.3536780428406,0.523,0.172,"7","ID2"
"IL13RA11",8.78383173124059e-53,0.78188327971708,0.55,0.114,"7","IL13RA1"
"C12orf45",7.35468885462917e-52,0.915336216174124,0.333,0.03,"7","C12orf45"
"PSAP7",1.46415646995866e-51,0.251068782548097,0.937,0.537,"7","PSAP"
"GAPDH5",3.52271678999499e-51,0.597629808590836,0.995,0.809,"7","GAPDH"
"VMO11",2.85129656097844e-50,0.682613189876778,0.514,0.113,"7","VMO1"
"ARL4C",2.62200072531546e-49,0.50715538313933,0.464,0.119,"7","ARL4C"
"CLIC2",1.00237006586104e-48,0.704390164595272,0.302,0.022,"7","CLIC2"
"LSP13",1.3402680459301e-48,0.912032854059625,0.775,0.314,"7","LSP1"
"CTSZ",3.08532642790862e-48,0.675151473369469,0.477,0.097,"7","CTSZ"
"CXCL167",5.24178291644666e-48,0.830897207034634,0.77,0.281,"7","CXCL16"
"CTNNBIP1",5.88983409372925e-48,0.704703293347953,0.365,0.048,"7","CTNNBIP1"
"AMICA1",7.82562636413547e-48,0.775481327932981,0.473,0.104,"7","AMICA1"
"NEAT17",3.26023981681826e-47,0.43255776302569,0.896,0.456,"7","NEAT1"
"ATP5B1",6.05554340855365e-46,0.342235531062511,0.766,0.352,"7","ATP5B"
"LAPTM4A1",2.54613023638722e-45,0.415490021709974,0.811,0.387,"7","LAPTM4A"
"PTP4A2",3.84331671918146e-45,0.334671708832859,0.473,0.161,"7","PTP4A2"
"TANK1",6.97358241866078e-45,0.318005840897991,0.437,0.137,"7","TANK"
"UBE2A2",5.84515990068386e-44,0.308473193963905,0.559,0.222,"7","UBE2A"
"CAPG7",6.50726898520755e-44,0.670690941499039,0.734,0.28,"7","CAPG"
"SLC7A111",1.06606589728241e-43,0.758334060175323,0.608,0.184,"7","SLC7A11"
"ALG2",1.16596781593481e-43,0.683103621171125,0.378,0.062,"7","ALG2"
"CD36",1.65250231521676e-43,0.911067339459193,0.432,0.084,"7","CD36"
"RNH13",2.27485158100579e-43,0.465091312285719,0.676,0.263,"7","RNH1"
"ALCAM",3.96839661579057e-43,0.602561443492444,0.351,0.052,"7","ALCAM"
"TXNRD11",9.40353603192067e-43,0.73843746104993,0.532,0.144,"7","TXNRD1"
"LMNA6",1.06862075561879e-42,0.650608123171649,0.77,0.308,"7","LMNA"
"RAC17",1.07055877108155e-42,0.512733191931511,0.955,0.529,"7","RAC1"
"ATP2B11",1.49114418043781e-42,0.670442434636202,0.563,0.163,"7","ATP2B1"
"NIPSNAP3A",6.1261279165263e-42,0.459628014062475,0.36,0.076,"7","NIPSNAP3A"
"PTGIR",8.9201984811446e-42,0.644604368910199,0.297,0.03,"7","PTGIR"
"SERPINB9",9.06550367703037e-42,0.783293980468125,0.41,0.077,"7","SERPINB9"
"CFL14",1.27016483478905e-41,0.536115652741711,0.991,0.755,"7","CFL1"
"WDR1",1.44016209010291e-41,0.479652465521541,0.604,0.219,"7","WDR1"
"CMTM64",3.9449563034085e-41,0.64884093290501,0.671,0.242,"7","CMTM6"
"GSTP14",5.51177392122657e-41,0.673374416229007,0.914,0.497,"7","GSTP1"
"GRN6",6.72243703981328e-41,0.259197333016348,0.658,0.303,"7","GRN"
"RHOC1",7.30353050449327e-41,0.525492204064871,0.446,0.113,"7","RHOC"
"GPX16",9.63188723758843e-41,0.713336057220018,0.892,0.462,"7","GPX1"
"ANXA71",3.36915956133538e-40,0.250127516598446,0.581,0.262,"7","ANXA7"
"OGFRL1",3.93554313075497e-40,0.496728184611096,0.257,0.026,"7","OGFRL1"
"FABP51",1.12798152039465e-39,1.21759173260751,0.45,0.107,"7","FABP5"
"LPXN",1.57842177492147e-39,0.618059127492329,0.613,0.209,"7","LPXN"
"SQLE",1.6474343813213e-39,0.506908291359775,0.266,0.036,"7","SQLE"
"ACTG14",2.22858223675698e-39,0.536959189353955,0.995,0.689,"7","ACTG1"
"ITGAE",2.57158150632003e-39,0.356768789333641,0.374,0.11,"7","ITGAE"
"REL2",3.7458620441005e-39,0.657474005221001,0.477,0.121,"7","REL"
"SEC61B1",3.9356307512438e-39,0.654247917629369,0.811,0.429,"7","SEC61B"
"DBI1",1.46967351295948e-38,0.422689346297112,0.752,0.35,"7","DBI"
"NFKB1",2.13191602567537e-38,0.64171185379914,0.45,0.108,"7","NFKB1"
"H2AFY4",2.66093752894117e-38,0.428219973145938,0.644,0.266,"7","H2AFY"
"DUSP4",2.80764112445383e-38,0.385842351777146,0.333,0.079,"7","DUSP4"
"ATP1B36",3.29781233842264e-38,0.480279893601916,0.779,0.355,"7","ATP1B3"
"SYNGR21",3.35864796993529e-38,0.930463622652926,0.495,0.131,"7","SYNGR2"
"FAM49B4",5.13383082931952e-38,0.284299998782764,0.721,0.358,"7","FAM49B"
"CTSH2",5.80093139063365e-38,0.648248613327238,0.595,0.191,"7","CTSH"
"GABARAPL2",6.78124640601575e-38,0.57999136629372,0.788,0.404,"7","GABARAPL2"
"CD831",7.26368918670676e-38,1.19793900066686,0.523,0.152,"7","CD83"
"CCDC88A",6.1223480088839e-37,0.456643252178789,0.311,0.057,"7","CCDC88A"
"NQO2",6.73747480121576e-37,0.562728839358159,0.365,0.075,"7","NQO2"
"TNFSF13B1",1.05781145479946e-36,0.866941131921442,0.401,0.082,"7","TNFSF13B"
"RAD23A",1.11175564337403e-36,0.260151125175773,0.523,0.22,"7","RAD23A"
"IFI306",2.0028004609748e-36,0.473099422173056,0.604,0.227,"7","IFI30"
"SUB12",2.04392937722027e-36,0.289784178228202,0.869,0.49,"7","SUB1"
"ADAM8",2.29185808550453e-36,0.34097547855468,0.356,0.101,"7","ADAM8"
"ETFA",2.31995449052119e-36,0.286618963727858,0.333,0.098,"7","ETFA"
"SRSF9",2.36539128712215e-36,0.251194183130228,0.595,0.279,"7","SRSF9"
"RALY",3.71455777269947e-36,0.278215742891019,0.437,0.164,"7","RALY"
"RTN47",8.91217377814263e-36,0.334255379769265,0.712,0.353,"7","RTN4"
"TPRA1",1.1840885045203e-35,0.501691570603855,0.387,0.094,"7","TPRA1"
"ACTR32",1.22650277602145e-35,0.414597868960745,0.806,0.402,"7","ACTR3"
"NINJ17",1.37948180535213e-35,0.447895717577396,0.707,0.315,"7","NINJ1"
"CLDND13",1.42436944010456e-35,0.265688754013353,0.437,0.162,"7","CLDND1"
"SLC25A3",1.59024203863081e-35,0.254797324704976,0.739,0.396,"7","SLC25A3"
"GNG55",3.72283828269466e-35,0.419966510774243,0.833,0.439,"7","GNG5"
"CALR5",3.91097599773262e-35,0.380573592465218,0.599,0.257,"7","CALR"
"SPPL2A1",6.10737303281893e-35,0.390689874493306,0.514,0.189,"7","SPPL2A"
"RALA3",1.10753828776079e-34,0.58921110974604,0.716,0.325,"7","RALA"
"IL10RA1",2.80993255246231e-34,0.292409738201675,0.387,0.136,"7","IL10RA"
"EIF4A11",5.86986090215136e-34,0.522754754800972,0.977,0.746,"7","EIF4A1"
"PVRL2",7.0879569145466e-34,0.583648469194105,0.36,0.075,"7","PVRL2"
"COTL17",7.59075912874081e-34,0.430872120311804,0.86,0.464,"7","COTL1"
"TPM46",8.01698875106806e-34,0.487602777153458,0.658,0.281,"7","TPM4"
"MRPL14",8.7969000134556e-34,0.280006202947093,0.419,0.158,"7","MRPL14"
"NFE2L24",2.27483522742907e-33,0.472679016857394,0.635,0.266,"7","NFE2L2"
"EIF3L1",2.82022772886064e-33,0.304787050459916,0.64,0.3,"7","EIF3L"
"CPSF6",3.14951423364947e-33,0.280458144964223,0.266,0.069,"7","CPSF6"
"ACTN4",3.47645736606823e-33,0.379458275301731,0.279,0.058,"7","ACTN4"
"TNFAIP81",6.58448999112469e-33,0.345380796296917,0.577,0.263,"7","TNFAIP8"
"LACTB5",7.28210387052137e-33,0.365052164450416,0.563,0.23,"7","LACTB"
"GLIPR11",8.20907601882711e-33,0.44630418315433,0.707,0.34,"7","GLIPR1"
"ACOT9",9.20693124528108e-33,0.565088305713786,0.396,0.095,"7","ACOT9"
"CAT",2.54385283177127e-32,0.321200216324502,0.27,0.069,"7","CAT"
"CCDC50",8.00568670133676e-32,0.517271402630577,0.27,0.043,"7","CCDC50"
"PIM32",9.3187195008978e-32,0.551945183264598,0.563,0.203,"7","PIM3"
"FERMT32",1.08722815264144e-31,0.446649780459216,0.545,0.216,"7","FERMT3"
"PEA152",1.09856210439644e-31,0.355279223029827,0.446,0.16,"7","PEA15"
"CDKN1A",1.28679761140227e-31,0.648742665202877,0.455,0.131,"7","CDKN1A"
"TRAF1",1.7828880990073e-31,0.528342307296769,0.306,0.065,"7","TRAF1"
"ARHGDIA",2.44035505136215e-31,0.303918078325742,0.563,0.255,"7","ARHGDIA"
"CHMP4B2",3.22872589043048e-31,0.49710255846675,0.563,0.211,"7","CHMP4B"
"CD582",3.7664891694547e-31,0.59235300612081,0.572,0.213,"7","CD58"
"CUL1",9.55834991272093e-31,0.519650297766263,0.27,0.047,"7","CUL1"
"BASP1",1.18773717460803e-30,0.444113576475369,0.284,0.055,"7","BASP1"
"TMEM50A2",1.22315487375835e-30,0.271666816062499,0.712,0.403,"7","TMEM50A"
"VPS294",1.95802463265012e-30,0.395196135862457,0.662,0.315,"7","VPS29"
"VPS35",2.62754350419898e-30,0.282960920546008,0.392,0.151,"7","VPS35"
"YWHAE",2.90518422542743e-30,0.308763447390395,0.446,0.177,"7","YWHAE"
"ARL6IP52",1.25788273449816e-29,0.324179166255749,0.698,0.356,"7","ARL6IP5"
"RIT11",2.3228588356082e-29,0.380699191771984,0.41,0.139,"7","RIT1"
"FGL22",2.41658473967384e-29,0.709816757334342,0.514,0.173,"7","FGL2"
"H3F3A",2.93592566473998e-29,0.372322782402554,0.41,0.145,"7","H3F3A"
"ELOVL1",2.99021422606526e-29,0.439392757399953,0.329,0.082,"7","ELOVL1"
"SPINT2",3.58017176291687e-29,0.459507719924074,0.27,0.055,"7","SPINT2"
"CPVL",8.20540029964405e-29,0.625645357869788,0.356,0.084,"7","CPVL"
"H2AFZ2",1.14659166431949e-28,0.534769390635504,0.802,0.484,"7","H2AFZ"
"HCK2",1.84118269408642e-28,0.290873117032843,0.414,0.162,"7","HCK"
"IL7R6",3.57365662585266e-28,0.269320557189076,0.545,0.262,"7","IL7R"
"CCR76",4.58695218439492e-28,0.976283404376655,0.559,0.395,"7","CCR7"
"SNX20",5.45062098984408e-28,0.367973807129662,0.284,0.074,"7","SNX20"
"LCP11",5.45783126074353e-28,0.408332198121673,0.536,0.222,"7","LCP1"
"AP2S14",5.80210039945342e-28,0.341012509194478,0.631,0.305,"7","AP2S1"
"ABHD12",5.97259044858192e-28,0.541438544943089,0.306,0.063,"7","ABHD12"
"STX112",8.1017673744133e-28,0.34316847812498,0.437,0.169,"7","STX11"
"PLEK3",8.81474131208691e-28,0.499829534311948,0.523,0.197,"7","PLEK"
"BIRC35",1.36633783698926e-27,0.884396341398759,0.568,0.31,"7","BIRC3"
"PDIA31",1.72224961439125e-27,0.454912215287266,0.802,0.441,"7","PDIA3"
"EMP36",3.69882458928323e-27,0.344897036069392,0.995,0.79,"7","EMP3"
"SH3BGRL35",3.87691317970992e-27,0.401835007265861,0.995,0.865,"7","SH3BGRL3"
"DBNL1",3.95861806327102e-27,0.274657820322083,0.518,0.242,"7","DBNL"
"C7orf73",4.42605068289904e-27,0.401426262752211,0.482,0.193,"7","C7orf73"
"EIF63",6.97704222704245e-27,0.418291073140817,0.685,0.346,"7","EIF6"
"TMEM1235",1.11630420884833e-26,0.41077872983385,0.577,0.303,"7","TMEM123"
"LRRFIP2",1.36565556847342e-26,0.356104846470188,0.27,0.069,"7","LRRFIP2"
"ABI31",2.43829934979038e-26,0.338038966459992,0.324,0.1,"7","ABI3"
"ATOX11",3.82842981401057e-26,0.378608808328578,0.446,0.171,"7","ATOX1"
"POLR2E",4.19774296361975e-26,0.387262905119743,0.5,0.207,"7","POLR2E"
"FLNA1",4.3612532458985e-26,0.302697882953759,0.464,0.201,"7","FLNA"
"UBE2F",4.91597307199184e-26,0.503853831605534,0.369,0.111,"7","UBE2F"
"IL87",1.32772124710936e-25,0.302333593084169,0.721,0.384,"7","IL8"
"CYTIP2",1.36416309234787e-24,0.306587662528008,0.829,0.495,"7","CYTIP"
"TMEM165",1.96430738704706e-24,0.294303223618376,0.432,0.197,"7","TMEM165"
"CCDC47",5.08263549773e-24,0.264198433349756,0.257,0.076,"7","CCDC47"
"ARPC1B7",6.8399056884517e-24,0.37257762854123,0.955,0.675,"7","ARPC1B"
"SQSTM13",1.02594244652102e-23,0.497595256286599,0.694,0.401,"7","SQSTM1"
"NFKBIA6",1.20556282360206e-23,0.44083489137398,0.883,0.559,"7","NFKBIA"
"ATF51",1.34501567229758e-23,0.304386907572927,0.329,0.115,"7","ATF5"
"C19orf10",1.62391530894648e-23,0.285768772049365,0.45,0.202,"7","C19orf10"
"ANPEP1",2.42645609832137e-23,0.375717885613963,0.365,0.128,"7","ANPEP"
"SDF2L11",2.46867047707814e-23,0.273185189344976,0.441,0.201,"7","SDF2L1"
"LIMS16",2.50870974231467e-23,0.280898909555967,0.685,0.383,"7","LIMS1"
"NDUFA124",2.60860577811428e-23,0.395554581050651,0.694,0.411,"7","NDUFA12"
"PRDX62",3.59987589318702e-23,0.374150829991244,0.477,0.214,"7","PRDX6"
"ARF3",4.50236381372316e-23,0.266433612504246,0.293,0.102,"7","ARF3"
"DNAJB11",5.31912808585341e-23,0.330516676202439,0.383,0.152,"7","DNAJB11"
"PPIF1",6.2466248099534e-23,0.563817718877359,0.495,0.189,"7","PPIF"
"JUNB5",6.47655487321836e-23,0.304736961588644,0.905,0.595,"7","JUNB"
"SERPINB6",7.35023654594709e-23,0.315393256726489,0.261,0.076,"7","SERPINB6"
"MAFF",1.41744324328505e-22,0.430529624534962,0.257,0.059,"7","MAFF"
"PSMA33",1.7058741062586e-22,0.26250628689011,0.554,0.291,"7","PSMA3"
"IFNGR26",1.89237850658413e-22,0.317792879113516,0.518,0.242,"7","IFNGR2"
"STK38L",2.08376825212136e-22,0.25981541944974,0.266,0.09,"7","STK38L"
"CHST7",2.54400652845261e-22,0.518272546745494,0.257,0.051,"7","CHST7"
"CASP17",3.94406501572783e-22,0.415141403786091,0.559,0.278,"7","CASP1"
"ARPC57",6.20554901209765e-22,0.303496006372908,0.901,0.604,"7","ARPC5"
"PHLDA11",7.84977833408673e-22,0.526149691692636,0.477,0.191,"7","PHLDA1"
"PTPRE1",1.10013326888346e-21,0.44822968649121,0.374,0.134,"7","PTPRE"
"S100A66",1.86911564938045e-21,0.277919753890103,0.955,0.686,"7","S100A6"
"VIM6",2.14936361362735e-21,0.319065119838887,0.995,0.827,"7","VIM"
"HCCS",1.59583002801693e-20,0.284067092160291,0.275,0.094,"7","HCCS"
"PPA12",2.80560885604451e-20,0.253417377124034,0.338,0.162,"7","PPA1"
"HSP90B12",3.77961671389728e-20,0.370841802307733,0.505,0.233,"7","HSP90B1"
"HSPA53",5.55666490046675e-20,0.377368575169003,0.653,0.375,"7","HSPA5"
"CORO1C",7.52318606850308e-20,0.313643699139169,0.27,0.086,"7","CORO1C"
"YWHAH3",1.12462640046502e-19,0.610979417371434,0.446,0.22,"7","YWHAH"
"OS9",1.52259082134688e-19,0.269560000947058,0.306,0.123,"7","OS9"
"GPR35",2.31334053401092e-19,0.353365282345521,0.27,0.079,"7","GPR35"
"TMBIM64",2.47964074112543e-19,0.302110076371966,0.986,0.791,"7","TMBIM6"
"GLA",7.45991495295582e-19,0.265679687143109,0.315,0.124,"7","GLA"
"TGFBI1",7.970524439015e-19,0.321923193508835,0.365,0.147,"7","TGFBI"
"CAPN2",2.15278137939741e-18,0.297856943871246,0.378,0.17,"7","CAPN2"
"MBOAT71",3.20132798494014e-18,0.260341971107202,0.311,0.127,"7","MBOAT7"
"MTHFD2",3.79762385927919e-18,0.275912062905044,0.252,0.089,"7","MTHFD2"
"ENO12",5.20551360465342e-16,0.254156495994211,0.869,0.613,"7","ENO1"
"RAB131",4.43362975392636e-15,0.369198275780796,0.32,0.127,"7","RAB13"
"CKLF1",1.91975545725659e-14,0.364783322403333,0.369,0.195,"7","CKLF"
"FPR3",2.24420335148284e-14,0.26942429421203,0.257,0.097,"7","FPR3"
"ZFAND51",3.29671201508826e-14,0.260297222912729,0.288,0.125,"7","ZFAND5"
"MYL12A1",6.81592941100408e-14,0.311954519736166,0.878,0.671,"7","MYL12A"
"IL1B1",1.99768256256442e-12,0.527443140657645,0.383,0.173,"7","IL1B"
"FOS1",2.02149569063103e-12,0.374659008901348,0.329,0.14,"7","FOS"
"PID11",1.50330124607051e-11,0.484954730546435,0.365,0.167,"7","PID1"
"ISG154",3.03548483471101e-177,2.48590956466366,0.957,0.268,"8","ISG15"
"RSAD2",1.60576034859442e-120,1.98131953653751,0.591,0.013,"8","RSAD2"
"APOBEC3A1",5.31306784217503e-115,2.11269077192572,0.799,0.11,"8","APOBEC3A"
"IFITM31",2.16306900764837e-101,1.84900585718537,0.829,0.151,"8","IFITM3"
"IFI61",1.71347025845061e-75,1.55006817537008,0.732,0.159,"8","IFI6"
"LY6E2",8.95665716688106e-66,1.53381019886993,0.726,0.155,"8","LY6E"
"OAS11",4.71129812001874e-60,1.36220988098473,0.634,0.103,"8","OAS1"
"IFIT31",6.82264275934661e-60,1.51826704619945,0.494,0.047,"8","IFIT3"
"IFIT1",6.10073565557843e-57,1.36383174488113,0.396,0.021,"8","IFIT1"
"BST24",1.20467052227447e-55,1.09027766014718,0.872,0.341,"8","BST2"
"MX1",1.32666092308559e-50,1.19655377330861,0.561,0.083,"8","MX1"
"LAP32",3.02856064747236e-50,1.17758657569185,0.689,0.183,"8","LAP3"
"LGALS36",9.28652874859243e-50,1.07773501289717,0.963,0.499,"8","LGALS3"
"TIMP18",2.30422555828449e-48,0.642758116260103,0.988,0.561,"8","TIMP1"
"TYMP7",2.20350135307772e-47,0.953010816462024,0.939,0.493,"8","TYMP"
"C15orf487",3.37085529211389e-46,0.803549584659897,0.951,0.445,"8","C15orf48"
"TYROBP7",1.35553834492398e-45,0.77141735460148,0.957,0.49,"8","TYROBP"
"CD636",1.53507730334835e-45,0.766450014294771,0.951,0.563,"8","CD63"
"CTSB7",3.95206717159077e-45,1.03360276481403,0.902,0.397,"8","CTSB"
"EPSTI11",7.09271627538053e-45,1.07014150650654,0.591,0.116,"8","EPSTI1"
"NPC27",4.36930036295795e-44,0.944161605321579,0.933,0.498,"8","NPC2"
"CST38",2.84528849050524e-42,0.987432057847177,0.902,0.408,"8","CST3"
"FCER1G7",7.04735621941754e-41,0.716154455974125,0.951,0.489,"8","FCER1G"
"IGSF67",8.97059976232397e-40,1.07670704627974,0.732,0.246,"8","IGSF6"
"IRF73",2.47153459094416e-39,1.02905912387249,0.689,0.225,"8","IRF7"
"IFIT2",4.91671726291826e-38,1.30716923652153,0.305,0.031,"8","IFIT2"
"ANXA56",5.43302872947068e-38,0.702805945681272,0.957,0.545,"8","ANXA5"
"FCN17",2.69689900445865e-37,1.00816910484122,0.762,0.278,"8","FCN1"
"S100A107",3.60573836276089e-37,0.635061967986092,0.982,0.669,"8","S100A10"
"S100A116",3.99026004779675e-37,0.584157960322779,0.988,0.71,"8","S100A11"
"CTSS7",6.2793403658741e-36,0.786000195669651,0.89,0.421,"8","CTSS"
"SAT16",1.18573687430985e-35,0.845169576823779,0.963,0.604,"8","SAT1"
"HLA-DRA7",1.55234489154745e-35,0.539299695100403,0.963,0.573,"8","HLA-DRA"
"LGALS17",1.58299291268253e-35,0.718960698315094,0.957,0.535,"8","LGALS1"
"ATP6V1F7",3.44866720959166e-35,0.812492070278326,0.921,0.596,"8","ATP6V1F"
"IFI351",3.54313392821183e-35,1.04971367931565,0.494,0.109,"8","IFI35"
"SAMD9L1",3.89255393286688e-35,0.922237148741452,0.482,0.089,"8","SAMD9L"
"SOD28",9.24188284151515e-35,0.747156932991472,0.939,0.496,"8","SOD2"
"PSME25",1.0655458468614e-34,0.81697001378642,0.909,0.577,"8","PSME2"
"CTSL7",1.83130959936085e-34,0.993945312081242,0.762,0.296,"8","CTSL"
"IDO11",1.23870508038877e-32,1.20946614838632,0.341,0.04,"8","IDO1"
"PLA2G76",1.7473737417001e-32,0.94013090815308,0.713,0.259,"8","PLA2G7"
"PLSCR17",2.45862356061385e-32,0.953783376648516,0.659,0.237,"8","PLSCR1"
"ANXA27",3.8934555535127e-31,0.699826457518523,0.933,0.556,"8","ANXA2"
"PSAP8",4.38315421483848e-31,0.674834166162057,0.939,0.54,"8","PSAP"
"S100A67",4.67977157855523e-31,0.56386399695103,0.982,0.688,"8","S100A6"
"GBP11",6.43733910294948e-31,1.04495051695399,0.598,0.185,"8","GBP1"
"DYNLT15",1.0604149908705e-30,0.818633406656843,0.78,0.374,"8","DYNLT1"
"FAM26F1",1.44249854016137e-29,1.0042570382247,0.421,0.081,"8","FAM26F"
"MX2",1.9399370636489e-29,0.804555553007772,0.323,0.041,"8","MX2"
"S100A47",5.12428104276319e-29,0.587744134635816,0.915,0.489,"8","S100A4"
"UBE2L64",5.58697326435337e-29,0.813769133593337,0.72,0.29,"8","UBE2L6"
"TNFSF13B2",1.2009626433843e-28,0.881660515452521,0.427,0.085,"8","TNFSF13B"
"XAF1",7.59419688719926e-28,0.757040174076684,0.348,0.055,"8","XAF1"
"CD687",7.84427929613168e-28,0.78000316085557,0.762,0.336,"8","CD68"
"GPX17",7.90800615015817e-28,0.588228241820519,0.89,0.466,"8","GPX1"
"CSTB6",8.7192212785792e-28,0.793861202078945,0.878,0.505,"8","CSTB"
"CCL21",3.16565722823988e-27,0.997552730385469,0.604,0.197,"8","CCL2"
"RAC18",3.90108523303038e-27,0.595519454238608,0.927,0.533,"8","RAC1"
"S100A88",4.1990493475983e-27,0.363452293462336,0.72,0.319,"8","S100A8"
"LILRB41",5.82849099740735e-27,0.826661301426046,0.567,0.176,"8","LILRB4"
"HSPA1A1",1.77230050458508e-26,1.0709909107545,0.53,0.165,"8","HSPA1A"
"FGL23",5.1969586067213e-26,0.893816925329418,0.561,0.175,"8","FGL2"
"FCGR3A7",6.96285508006541e-26,0.39861727452118,0.634,0.257,"8","FCGR3A"
"HLA-DRB17",1.51831951561988e-25,0.551231815213596,0.921,0.537,"8","HLA-DRB1"
"SDCBP7",2.07079379404049e-25,0.625626540174403,0.902,0.536,"8","SDCBP"
"CTSD6",4.86483573100697e-25,0.847708110236455,0.634,0.238,"8","CTSD"
"EMP37",7.15864116812524e-25,0.532696245783036,0.976,0.792,"8","EMP3"
"IFI44",1.25940822640112e-24,0.812669804614148,0.293,0.044,"8","IFI44"
"OASL1",3.35218999988614e-24,1.14368678279178,0.384,0.105,"8","OASL"
"IFI44L",6.71137699503241e-24,0.650466817344572,0.268,0.039,"8","IFI44L"
"MNDA",1.86957023587926e-23,0.625256485990994,0.293,0.049,"8","MNDA"
"GRN7",2.03959053967482e-23,0.71852526074337,0.701,0.305,"8","GRN"
"IL4I12",6.34556087086726e-23,0.77891999748128,0.457,0.126,"8","IL4I1"
"MAFB8",1.31111064762545e-22,0.777796088365084,0.64,0.256,"8","MAFB"
"SPI18",1.77105077476358e-22,0.526018716190981,0.793,0.4,"8","SPI1"
"ATP6V0B6",2.40931610037507e-22,0.497816807288474,0.921,0.565,"8","ATP6V0B"
"CD485",7.82219303137695e-22,0.630596174057594,0.756,0.368,"8","CD48"
"ISG203",1.07572345751506e-21,0.88661193153321,0.585,0.391,"8","ISG20"
"GSTO17",1.43137889699037e-21,0.641783772219144,0.86,0.525,"8","GSTO1"
"LGALS9",2.56901975407603e-21,0.704677557411156,0.317,0.06,"8","LGALS9"
"FUCA11",6.17401114367906e-21,0.941437951182176,0.433,0.128,"8","FUCA1"
"CAPG8",1.45564961274309e-20,0.686372358460296,0.659,0.286,"8","CAPG"
"TXN6",1.67798052606181e-20,0.540057470320049,0.774,0.403,"8","TXN"
"KYNU8",2.4154531374931e-20,0.646497709449221,0.756,0.381,"8","KYNU"
"LIMS17",4.43382170277438e-20,0.447873682701843,0.75,0.384,"8","LIMS1"
"NAGK1",9.51097357406153e-20,0.763124846524678,0.451,0.156,"8","NAGK"
"TMSB102",1.82102878850424e-19,0.40927807806618,0.982,0.835,"8","TMSB10"
"CLIC15",2.02696985007573e-19,0.448242468530118,0.927,0.621,"8","CLIC1"
"NINJ18",4.28618532107148e-19,0.680878441240292,0.677,0.32,"8","NINJ1"
"CARD167",7.05958345688088e-19,0.484802857056898,0.756,0.395,"8","CARD16"
"MYL64",1.1602375783442e-18,0.270787478226601,0.988,0.915,"8","MYL6"
"GAPDH6",1.56801600948928e-18,0.387309277981075,0.982,0.811,"8","GAPDH"
"GPX46",1.93830161633912e-18,0.58013819373476,0.872,0.577,"8","GPX4"
"HMOX12",2.79995544043139e-18,0.741074324309215,0.5,0.183,"8","HMOX1"
"CREG11",3.12483024554709e-18,0.653182697169594,0.409,0.124,"8","CREG1"
"CD92",3.28352557142561e-18,0.75708106449911,0.512,0.188,"8","CD9"
"NEAT18",3.63849171160786e-18,0.597611108111748,0.799,0.463,"8","NEAT1"
"TNFSF101",4.75626703640001e-18,0.74508790911128,0.335,0.082,"8","TNFSF10"
"CFP8",5.10693637629128e-18,0.404111500179135,0.622,0.297,"8","CFP"
"CASP46",5.94794381123632e-18,0.636334295004865,0.622,0.326,"8","CASP4"
"EIF2AK2",6.49271025740224e-18,0.442418713902192,0.268,0.066,"8","EIF2AK2"
"PLAUR7",1.08458680063524e-17,0.284296313092813,0.72,0.396,"8","PLAUR"
"SQRDL7",2.51146136670586e-17,0.595723336316497,0.604,0.267,"8","SQRDL"
"STAT1",2.84767914731972e-17,0.620239661226196,0.366,0.103,"8","STAT1"
"C5AR11",2.96522526168666e-17,0.621861425169289,0.506,0.193,"8","C5AR1"
"PSMB95",4.47200582619651e-17,0.547687005610801,0.823,0.506,"8","PSMB9"
"SH3BGRL36",5.07317514222506e-17,0.290850028947903,0.982,0.867,"8","SH3BGRL3"
"IFI307",5.88414506317855e-17,0.68842995775725,0.549,0.232,"8","IFI30"
"CYP1B11",6.24844891560177e-17,0.716525009177884,0.482,0.177,"8","CYP1B1"
"NCF25",1.21312877022747e-16,0.496454039135673,0.53,0.221,"8","NCF2"
"WARS1",1.40577663102481e-16,0.713200829891099,0.36,0.1,"8","WARS"
"TALDO17",3.2208063433905e-16,0.497468180303741,0.799,0.469,"8","TALDO1"
"HLA-DPB16",3.57571440322296e-16,0.54619764598529,0.793,0.47,"8","HLA-DPB1"
"HSP90AA13",6.23381600342406e-16,0.583456007638638,0.823,0.578,"8","HSP90AA1"
"VIM7",1.22115536488762e-15,0.433590380222638,0.97,0.829,"8","VIM"
"C3AR18",1.50989436321749e-15,0.654906399993062,0.555,0.242,"8","C3AR1"
"CXCL21",1.71996570883659e-15,0.668435651277365,0.421,0.145,"8","CXCL2"
"ARPC1B8",4.11970230487584e-15,0.307460831626614,0.945,0.677,"8","ARPC1B"
"CFD3",4.15317956734633e-15,0.642935708040442,0.512,0.211,"8","CFD"
"HLA-DMA3",6.5846401558598e-15,0.614800932506182,0.506,0.213,"8","HLA-DMA"
"CYBA6",6.88827040200862e-15,0.323389139061971,0.951,0.787,"8","CYBA"
"HLA-DPA18",7.15790377252923e-15,0.405221183972293,0.75,0.435,"8","HLA-DPA1"
"ARPC58",1.74219477607837e-14,0.417943148755551,0.884,0.607,"8","ARPC5"
"CD148",1.94661517198347e-14,0.506906869521399,0.646,0.331,"8","CD14"
"CASP18",2.74975688738836e-14,0.44554068993814,0.579,0.28,"8","CASP1"
"LACTB6",3.1144480951925e-14,0.54135370088899,0.53,0.234,"8","LACTB"
"ACP51",3.70794244141526e-14,0.741986519176767,0.384,0.134,"8","ACP5"
"PKM7",4.76526129000729e-14,0.356012317102592,0.89,0.607,"8","PKM"
"ANXA14",5.9786291884605e-14,0.409181095250047,0.957,0.733,"8","ANXA1"
"SLAMF71",6.63307554940682e-14,0.633432632778426,0.305,0.084,"8","SLAMF7"
"AIF17",6.93708340699774e-14,0.568501866702669,0.567,0.267,"8","AIF1"
"PLEK4",9.01749313884831e-14,0.740385341142325,0.457,0.201,"8","PLEK"
"ATP6V1B24",1.49967584869683e-13,0.573935966634557,0.506,0.22,"8","ATP6V1B2"
"PDE4DIP1",1.81785599489064e-13,0.636660558835491,0.372,0.128,"8","PDE4DIP"
"CXCL31",2.07369390628732e-13,0.391692452559813,0.39,0.152,"8","CXCL3"
"GLUL8",2.52441556583296e-13,0.764286161969215,0.512,0.241,"8","GLUL"
"FPR31",2.5380563415354e-13,0.583114462573872,0.323,0.097,"8","FPR3"
"CEBPB7",2.59158910478989e-13,0.428538179006093,0.738,0.432,"8","CEBPB"
"PSMA43",2.76994469118752e-13,0.484300672392563,0.689,0.383,"8","PSMA4"
"RNF213",3.02713802881299e-13,0.521099591296163,0.384,0.138,"8","RNF213"
"SSB2",3.45766968045358e-13,0.284030081943666,0.463,0.23,"8","SSB"
"RAB105",4.30535464703802e-13,0.4864666386905,0.585,0.289,"8","RAB10"
"LMNA7",4.70675040793628e-13,0.507613355891047,0.616,0.316,"8","LMNA"
"ATOX12",9.09529238543812e-13,0.59589021159433,0.433,0.174,"8","ATOX1"
"SAMD9",9.23502747406757e-13,0.515449008775459,0.317,0.101,"8","SAMD9"
"CHMP51",9.5462209939904e-13,0.411998062895313,0.488,0.229,"8","CHMP5"
"MS4A6A",1.35345106479068e-12,0.678254528950839,0.262,0.074,"8","MS4A6A"
"GABARAP7",1.41192079944957e-12,0.500374531449302,0.591,0.303,"8","GABARAP"
"ASAH13",2.24909007374909e-12,0.564748436584435,0.488,0.217,"8","ASAH1"
"MPP11",2.31272229835753e-12,0.471858890687848,0.323,0.11,"8","MPP1"
"GRB26",3.40498066222322e-12,0.494734112396285,0.64,0.351,"8","GRB2"
"CLTA3",5.5612967507455e-12,0.491204819829118,0.64,0.362,"8","CLTA"
"RHOA4",6.60274587932207e-12,0.327108752779991,0.787,0.508,"8","RHOA"
"STX113",6.66931140646004e-12,0.490817255117596,0.421,0.172,"8","STX11"
"LST17",8.31081341182003e-12,0.44400167022212,0.579,0.303,"8","LST1"
"GNG56",1.14126382556314e-11,0.369965178854724,0.726,0.445,"8","GNG5"
"CD472",1.1846306753474e-11,0.443200417623925,0.573,0.301,"8","CD47"
"DNAJA15",1.19383944955741e-11,0.455910464228551,0.738,0.461,"8","DNAJA1"
"CCR11",1.505630833925e-11,0.593278182416173,0.305,0.102,"8","CCR1"
"GSTP15",2.0708873940275e-11,0.332509214265447,0.78,0.504,"8","GSTP1"
"SAMHD1",2.19376659863108e-11,0.445421224815377,0.305,0.103,"8","SAMHD1"
"NFKBIA7",3.12006950396058e-11,0.301958356408427,0.829,0.563,"8","NFKBIA"
"CD361",3.22196298512369e-11,0.537577448907038,0.287,0.091,"8","CD36"
"HSBP17",4.35202219329627e-11,0.35221763955447,0.598,0.332,"8","HSBP1"
"ACOT91",4.61317682891006e-11,0.531805487560951,0.293,0.1,"8","ACOT9"
"TAP12",5.86132346794324e-11,0.432233200645105,0.506,0.249,"8","TAP1"
"DYNLL15",7.11779640253559e-11,0.34211334668245,0.817,0.557,"8","DYNLL1"
"FNDC3B1",8.8703348389848e-11,0.387275784889014,0.354,0.147,"8","FNDC3B"
"SDSL",9.11274071152e-11,0.491402715926452,0.262,0.077,"8","SDSL"
"RTN48",1.03958575460942e-10,0.380390379595848,0.628,0.358,"8","RTN4"
"PRDX15",1.06176873240929e-10,0.489990762964344,0.738,0.493,"8","PRDX1"
"SNX101",1.21424673939759e-10,0.335177781371197,0.268,0.098,"8","SNX10"
"RAB322",1.21858546861653e-10,0.558406300950626,0.36,0.141,"8","RAB32"
"PSMB82",1.32017574086891e-10,0.429577825272191,0.677,0.412,"8","PSMB8"
"TSPO6",1.34228124764761e-10,0.504972117572577,0.585,0.318,"8","TSPO"
"GLRX8",1.47862018939601e-10,0.455831017939595,0.543,0.283,"8","GLRX"
"GBP41",1.68900623939658e-10,0.427030145087304,0.274,0.094,"8","GBP4"
"ATF52",2.0249718754961e-10,0.582853482626042,0.317,0.117,"8","ATF5"
"HSPB16",2.09839924624499e-10,0.420108071709227,0.451,0.225,"8","HSPB1"
"FLNA2",2.09931098985995e-10,0.417654570031576,0.439,0.204,"8","FLNA"
"BRI31",2.52712791904293e-10,0.483239259077098,0.439,0.202,"8","BRI3"
"MOB1A3",2.72289682992519e-10,0.431184019813103,0.567,0.314,"8","MOB1A"
"COTL18",3.2471112553509e-10,0.304728675361585,0.732,0.47,"8","COTL1"
"PSMA34",9.28170790283399e-10,0.345713060384726,0.537,0.293,"8","PSMA3"
"MGAT11",9.45218767246467e-10,0.454926414514618,0.39,0.173,"8","MGAT1"
"SLC31A21",9.9961170837898e-10,0.547666097475763,0.311,0.117,"8","SLC31A2"
"CDC422",1.17829156505712e-09,0.307688879041435,0.555,0.318,"8","CDC42"
"SPPL2A2",1.7247320022468e-09,0.473830583207498,0.421,0.195,"8","SPPL2A"
"OLR14",1.74641213529682e-09,0.449805536966049,0.451,0.218,"8","OLR1"
"CD300E2",2.85285022128694e-09,0.461273271327659,0.415,0.191,"8","CD300E"
"RP11-290F20.38",4.04832633483218e-09,0.42037761490447,0.494,0.257,"8","RP11-290F20.3"
"NDUFA125",4.41920849615998e-09,0.34951862601065,0.659,0.414,"8","NDUFA12"
"NMI1",5.23636980344983e-09,0.439599465336349,0.396,0.184,"8","NMI"
"GLIPR2",5.34255923855045e-09,0.396642791149186,0.311,0.127,"8","GLIPR2"
"BID8",5.40848878868781e-09,0.351570639482549,0.561,0.321,"8","BID"
"DUSP16",7.17179520869896e-09,0.258681359201948,0.512,0.297,"8","DUSP1"
"IER36",8.62767532757522e-09,0.436049886400954,0.476,0.245,"8","IER3"
"CTSZ1",9.08871457143977e-09,0.465958897804356,0.287,0.105,"8","CTSZ"
"FCGRT1",9.61119367753985e-09,0.498762606244008,0.378,0.172,"8","FCGRT"
"SLC7A112",1.1158737922164e-08,0.410625543904284,0.402,0.193,"8","SLC7A11"
"FYB",1.22415286049513e-08,0.257100064505047,0.39,0.207,"8","FYB"
"MGST11",1.31134323339527e-08,0.432544918813566,0.39,0.181,"8","MGST1"
"CHMP2A2",1.48241967504208e-08,0.280492871530599,0.53,0.315,"8","CHMP2A"
"RBCK1",1.50482456741742e-08,0.32780841146531,0.28,0.121,"8","RBCK1"
"RNF1813",1.55178566197528e-08,0.254588526834722,0.457,0.262,"8","RNF181"
"TGFBI2",1.58435246077027e-08,0.55315445323348,0.348,0.149,"8","TGFBI"
"DRAP13",1.66273635443278e-08,0.398928007962778,0.573,0.355,"8","DRAP1"
"MXD11",1.85516362762271e-08,0.486163926875058,0.287,0.108,"8","MXD1"
"CYBB7",1.86236488831308e-08,0.465900873139723,0.463,0.237,"8","CYBB"
"FERMT33",2.14403377392527e-08,0.251373361947736,0.409,0.222,"8","FERMT3"
"FLOT12",2.27715752588909e-08,0.429394403310812,0.384,0.179,"8","FLOT1"
"TMBIM65",2.55242293023558e-08,0.250219867524235,0.951,0.794,"8","TMBIM6"
"CFL15",3.55583387499018e-08,0.25745536641706,0.933,0.759,"8","CFL1"
"PTGER21",3.82356062589685e-08,0.464785794486799,0.293,0.115,"8","PTGER2"
"MBOAT72",3.90987861664312e-08,0.324736179390527,0.299,0.129,"8","MBOAT7"
"TCIRG12",4.01890886312998e-08,0.372931631666037,0.317,0.137,"8","TCIRG1"
"TLR22",4.12870312616431e-08,0.521553052512334,0.274,0.112,"8","TLR2"
"SPNS1",4.83463630599927e-08,0.412626138128042,0.274,0.104,"8","SPNS1"
"CLEC4E1",5.32420739425215e-08,0.521827958909832,0.311,0.127,"8","CLEC4E"
"SERPINA13",5.69049174853426e-08,0.396939830889509,0.415,0.208,"8","SERPINA1"
"ENG1",6.2095507156483e-08,0.440692746257986,0.354,0.16,"8","ENG"
"C20orf244",7.07412206655878e-08,0.415533586667834,0.598,0.38,"8","C20orf24"
"RNF132",7.89792204536289e-08,0.484345165288927,0.384,0.187,"8","RNF13"
"VRK21",8.79398070064922e-08,0.45450138281245,0.348,0.155,"8","VRK2"
"NPL1",1.28052904410352e-07,0.440956482750564,0.28,0.11,"8","NPL"
"SQSTM14",1.5390338441294e-07,0.333498674538037,0.628,0.405,"8","SQSTM1"
"STXBP28",1.67694024598307e-07,0.398511267168402,0.494,0.284,"8","STXBP2"
"HEXB1",1.67757375518762e-07,0.398166427231702,0.402,0.203,"8","HEXB"
"VPS295",2.17616989144294e-07,0.437130890460581,0.53,0.321,"8","VPS29"
"LPAR6",2.22770054042484e-07,0.505915132757259,0.293,0.124,"8","LPAR6"
"IL10RB1",2.76787395103346e-07,0.31087779105106,0.293,0.135,"8","IL10RB"
"PSENEN5",3.30533502718983e-07,0.374659987052144,0.457,0.249,"8","PSENEN"
"APLP25",3.36307702818095e-07,0.325472066269171,0.427,0.235,"8","APLP2"
"ATP6V1G1",4.83606990854033e-07,0.341236244216571,0.793,0.611,"8","ATP6V1G1"
"DUSP61",5.13013859566496e-07,0.446069604944821,0.287,0.119,"8","DUSP6"
"DPH3",5.27151935622097e-07,0.253790501898198,0.268,0.128,"8","DPH3"
"LILRB22",6.32616341685596e-07,0.415938889328545,0.311,0.138,"8","LILRB2"
"ADA7",6.85112753660155e-07,0.350828299942846,0.463,0.262,"8","ADA"
"CD863",7.50500064094554e-07,0.478134288864677,0.36,0.176,"8","CD86"
"ANPEP2",1.36442121125773e-06,0.412265603106562,0.299,0.132,"8","ANPEP"
"SHKBP12",1.37222296023784e-06,0.34458253130012,0.409,0.226,"8","SHKBP1"
"WTAP5",1.50005522299219e-06,0.352419944562617,0.439,0.249,"8","WTAP"
"CCDC23",2.1314394536121e-06,0.363609745663977,0.311,0.148,"8","CCDC23"
"RAB132",2.45984656769198e-06,0.459420675726733,0.287,0.129,"8","RAB13"
"PILRA3",2.46928750930708e-06,0.399132642635088,0.402,0.214,"8","PILRA"
"UBE2D1",2.68109648365779e-06,0.255873434529358,0.274,0.133,"8","UBE2D1"
"WAS2",2.84968357979328e-06,0.293859013795318,0.329,0.168,"8","WAS"
"EIF4E24",3.00805563508304e-06,0.315371386120726,0.445,0.259,"8","EIF4E2"
"COX171",3.0938534501684e-06,0.255573075013207,0.305,0.164,"8","COX17"
"H2AFY5",3.42192898282492e-06,0.364107927407139,0.47,0.274,"8","H2AFY"
"ATP6V0E12",4.01157530003735e-06,0.263337989846026,0.841,0.664,"8","ATP6V0E1"
"RNH14",4.50736537037416e-06,0.297655608233425,0.457,0.272,"8","RNH1"
"TNFRSF1A1",4.62798740993962e-06,0.312746015620345,0.274,0.127,"8","TNFRSF1A"
"CAPZA2",6.35812232264601e-06,0.290134910770016,0.348,0.186,"8","CAPZA2"
"TXNRD12",6.48631567997102e-06,0.410382135836988,0.317,0.153,"8","TXNRD1"
"HPSE1",7.38131545012989e-06,0.413007354862705,0.262,0.117,"8","HPSE"
"SMCO41",7.96480392770222e-06,0.431107677131907,0.299,0.142,"8","SMCO4"
"UQCRC14",8.80183594995503e-06,0.273432878150033,0.433,0.257,"8","UQCRC1"
"PPIF2",9.43957044533343e-06,0.274384665576615,0.348,0.196,"8","PPIF"
"ATP6V1C11",9.65793248623947e-06,0.35002656366966,0.287,0.137,"8","ATP6V1C1"
"QPCT1",1.03490459530547e-05,0.35182375555527,0.256,0.116,"8","QPCT"
"POMP3",1.05335208545713e-05,0.343899021842066,0.53,0.357,"8","POMP"
"RNF1304",1.16371856072171e-05,0.42744033254412,0.39,0.221,"8","RNF130"
"PDLIM71",1.29263777294056e-05,0.306448815907455,0.317,0.165,"8","PDLIM7"
"AGTRAP1",1.41332499085002e-05,0.367207838339056,0.256,0.118,"8","AGTRAP"
"CTSH3",1.48109528206088e-05,0.369611571712232,0.372,0.2,"8","CTSH"
"ZEB22",1.63270322285812e-05,0.273890915932347,0.287,0.145,"8","ZEB2"
"AP1S26",1.86030356504238e-05,0.376985331603322,0.506,0.325,"8","AP1S2"
"M6PR2",1.93248120914165e-05,0.384811513656206,0.366,0.211,"8","M6PR"
"PLIN21",2.42063615781171e-05,0.36834630735734,0.372,0.206,"8","PLIN2"
"NAPA",3.40475783487452e-05,0.367925405599048,0.299,0.15,"8","NAPA"
"BLOC1S14",3.63659322498226e-05,0.299503932295442,0.457,0.282,"8","BLOC1S1"
"RRAGC",4.26248872048803e-05,0.423319715600327,0.256,0.129,"8","RRAGC"
"CTSC1",4.35721998594403e-05,0.470228740479225,0.299,0.152,"8","CTSC"
"PDXK1",6.62302305238682e-05,0.307234678629898,0.262,0.129,"8","PDXK"
"GNB23",8.622033998444e-05,0.288463757160114,0.384,0.225,"8","GNB2"
"OAZ21",0.000104679662871049,0.256265428152081,0.28,0.151,"8","OAZ2"
"PID12",0.000123152622870527,0.360179118418908,0.317,0.17,"8","PID1"
"BAX4",0.000130467869118505,0.253963344523914,0.47,0.307,"8","BAX"
"SNX21",0.000134030210160473,0.253202965807192,0.348,0.205,"8","SNX2"
"IFNGR27",0.000135090082423424,0.33024845734843,0.39,0.248,"8","IFNGR2"
"SPHK11",0.000166103681806663,0.315179918390155,0.268,0.137,"8","SPHK1"
"PGD1",0.000171202534532234,0.30070332790976,0.293,0.156,"8","PGD"
"RAB5C4",0.000451384541535796,0.267709749919534,0.506,0.353,"8","RAB5C"
"ATG34",0.000684689213030859,0.28448594326767,0.396,0.248,"8","ATG3"
"RAB1A1",0.000838885316371995,0.298521599667193,0.329,0.195,"8","RAB1A"
"PRELID14",0.000959640467945964,0.265441310677685,0.506,0.355,"8","PRELID1"
"SLC43A22",0.00125638787833686,0.325927970087897,0.317,0.188,"8","SLC43A2"
"THBS11",0.00136808749796521,0.493662808581874,0.262,0.149,"8","THBS1"
"SERPINB11",0.00151496116935825,0.274254104567131,0.348,0.219,"8","SERPINB1"
"PEA153",0.00530587893055916,0.272421178562811,0.28,0.167,"8","PEA15"
"CIR1",0.0059315807346356,0.292071013713606,0.268,0.158,"8","CIR1"
"LGMN1",0.00874061411180281,0.289368718682405,0.262,0.158,"8","LGMN"
"PPBP",2.97743464201022e-168,3.20091651651674,0.867,0.04,"9","PPBP"
"PF4",4.87410343353639e-142,2.32254265234855,0.685,0.009,"9","PF4"
"GNG11",3.64829512356461e-126,2.24999662702717,0.65,0.015,"9","GNG11"
"SDPR",6.15631756554402e-106,1.95437059575461,0.538,0.009,"9","SDPR"
"NRGN",2.37909952576697e-66,1.56560985113322,0.385,0.009,"9","NRGN"
"TUBB1",1.78062892243664e-62,1.4603946421598,0.343,0.005,"9","TUBB1"
"ACRBP",1.23831622779867e-59,1.46788148736121,0.308,0.004,"9","ACRBP"
"CLU",7.78996298375405e-51,1.31730593087257,0.322,0.01,"9","CLU"
"TREML1",1.53051152701045e-48,1.16205710748325,0.259,0.003,"9","TREML1"
"NCOA41",6.35065524331403e-43,1.25445102433536,0.413,0.153,"9","NCOA4"
"MAP3K7CL",1.44272387256459e-42,1.27541256397753,0.448,0.052,"9","MAP3K7CL"
"CCL51",1.46368443748633e-34,0.50327135164571,0.552,0.14,"9","CCL5"
"HIST1H2AC1",1.09477592024721e-25,1.16173287042618,0.545,0.207,"9","HIST1H2AC"
"TUBA4A1",2.98807361976356e-16,1.00320776810125,0.308,0.079,"9","TUBA4A"
"RGS104",6.70472067798927e-13,0.680804585709915,0.622,0.374,"9","RGS10"
"CTSA",3.88511098254438e-09,0.652263241193777,0.266,0.113,"9","CTSA"
"TAGLN23",6.87162006849914e-09,0.608025956878179,0.51,0.305,"9","TAGLN2"
"MYL12A2",1.85869391428977e-07,0.420969775449434,0.804,0.675,"9","MYL12A"
"MAX1",2.0775073803131e-06,0.572603777461907,0.294,0.146,"9","MAX"
"NAP1L12",2.9308456168558e-06,0.482702042221097,0.517,0.384,"9","NAP1L1"
"PPDPF2",1.33895262388183e-05,0.382709610341605,0.629,0.501,"9","PPDPF"
"YWHAH4",3.00104428996243e-05,0.487184100104587,0.378,0.224,"9","YWHAH"
"ITM2B2",4.99511200582084e-05,0.334942542969608,0.804,0.649,"9","ITM2B"
"GPX18",0.000171352702587436,0.352274509058651,0.657,0.472,"9","GPX1"
"OST4",0.000269876619134174,0.333941325128216,0.643,0.51,"9","OST4"
"CD3D8",0.00163266541656493,0.408211688409011,0.448,0.295,"9","CD3D"
"SH3BGRL",0.00331515554236092,0.359450524793521,0.308,0.202,"9","SH3BGRL"
"CALM32",0.006351966652504,0.299114316154535,0.385,0.314,"9","CALM3"
"LTB8",0.00647452163450091,0.386230721768041,0.441,0.346,"9","LTB"
"C9orf891",0.00860966391636616,0.333980833564263,0.287,0.176,"9","C9orf89"
"SEC61B2",6.51588476452215e-94,2.29259032863404,1,0.439,"10","SEC61B"
"TXN7",2.68230100024843e-78,3.06182644416912,0.974,0.409,"10","TXN"
"TSPAN13",8.52383542221098e-75,2.68278492289811,0.921,0.006,"10","TSPAN13"
"IGJ",2.678130697375e-40,2.16832366214451,0.684,0.009,"10","IGJ"
"TNFRSF4",7.69463391294537e-38,2.42372835179729,0.763,0.054,"10","TNFRSF4"
"TCF4",7.58026394393467e-36,1.77425240285694,0.737,0.024,"10","TCF4"
"CD748",5.84273085860073e-35,1.49161252698239,1,0.682,"10","CD74"
"GZMB1",4.06518400723398e-33,2.52257304578395,0.895,0.075,"10","GZMB"
"TRAF4",5.82589701215555e-33,1.52186635227064,0.684,0.02,"10","TRAF4"
"MGLL",3.7595695347703e-30,1.68592833069464,0.605,0.029,"10","MGLL"
"PARK73",6.27628013765659e-29,1.38040869245663,0.947,0.452,"10","PARK7"
"ITM2C",6.30628201604271e-29,1.81912457527301,0.763,0.048,"10","ITM2C"
"MAP1A",7.11912739394068e-29,1.21255298272338,0.395,0.001,"10","MAP1A"
"PLD4",2.86918885364536e-27,1.41908552963071,0.447,0.005,"10","PLD4"
"MZB1",1.14314989114427e-25,1.05397753689563,0.368,0.003,"10","MZB1"
"HLA-DQA14",5.31240440260099e-23,1.64871096295404,0.895,0.204,"10","HLA-DQA1"
"HLA-DMA4",1.4689642120496e-22,1.38978598806486,0.921,0.216,"10","HLA-DMA"
"ALOX5AP6",1.98763578977925e-22,1.52050972332802,0.921,0.257,"10","ALOX5AP"
"P2RY6",2.62077300766346e-22,1.44868177121102,0.605,0.054,"10","P2RY6"
"BID9",4.74744387466492e-22,1.43563850927448,0.789,0.325,"10","BID"
"STMN1",6.93210107424242e-22,1.73703034010527,0.658,0.073,"10","STMN1"
"AMICA11",9.5216662586361e-21,1.18752588468892,0.789,0.113,"10","AMICA1"
"HLA-DQB17",1.01613625321626e-20,1.50586764272615,0.947,0.286,"10","HLA-DQB1"
"DNASE1L3",1.85563337366059e-20,1.19794063721118,0.316,0.002,"10","DNASE1L3"
"HERPUD15",9.5415793049094e-20,1.52667737393571,0.895,0.347,"10","HERPUD1"
"PLA2G16",1.15925773227816e-19,1.18267354812468,0.474,0.022,"10","PLA2G16"
"GSTP16",2.784570197338e-19,1.10303920437364,0.974,0.508,"10","GSTP1"
"CCDC501",4.75039567145425e-19,1.18042578017528,0.579,0.047,"10","CCDC50"
"SERPINF1",3.02492472982313e-18,1.66971408193488,0.395,0.023,"10","SERPINF1"
"ALDH21",2.00390013504067e-17,1.36727027011501,0.658,0.105,"10","ALDH2"
"HLA-DRB19",6.08686930359725e-17,1.08580292843694,0.974,0.544,"10","HLA-DRB1"
"APP",1.97248841045087e-16,1.19900240916883,0.526,0.04,"10","APP"
"FDFT1",6.31826401943018e-16,1.20293695830055,0.605,0.068,"10","FDFT1"
"HLA-DRA9",7.3600924303014e-16,0.922358543776664,1,0.58,"10","HLA-DRA"
"CYB561A3",8.29606427023321e-16,1.40291597257665,0.5,0.073,"10","CYB561A3"
"BAIAP2",1.37936695703146e-15,0.925483859667799,0.342,0.011,"10","BAIAP2"
"SSR43",5.06477846950633e-15,0.941005493263808,0.974,0.389,"10","SSR4"
"SQLE1",2.9139075608186e-14,1.01527934479267,0.474,0.041,"10","SQLE"
"SMIM141",5.82609761643976e-14,1.28443157338313,0.605,0.089,"10","SMIM14"
"OPN3",7.9222148586318e-14,1.29406559906362,0.368,0.024,"10","OPN3"
"REPIN1",1.44877582314112e-13,0.885932563558627,0.421,0.035,"10","REPIN1"
"LINC00996",1.48474081537668e-13,0.926096163410655,0.316,0.014,"10","LINC00996"
"UGCG",2.09818068638964e-13,0.939816095603664,0.342,0.014,"10","UGCG"
"FXYD2",7.23096237895639e-13,0.943742008006457,0.316,0.011,"10","FXYD2"
"SRP14",7.82365736564226e-13,0.807179338745197,0.947,0.745,"10","SRP14"
"C14orf1",8.0660133814595e-13,0.84679669886786,0.474,0.063,"10","C14orf1"
"WBSCR222",1.13782467280648e-12,0.712351074075111,0.632,0.148,"10","WBSCR22"
"PRMT11",2.07342832282556e-12,0.868559473991721,0.658,0.141,"10","PRMT1"
"AKR1C3",3.26066470953675e-12,1.38115579453769,0.368,0.031,"10","AKR1C3"
"HLA-DPA110",3.28207174396892e-12,0.919875735768056,0.947,0.44,"10","HLA-DPA1"
"BIK",3.61313156359063e-12,1.15718781098364,0.289,0.01,"10","BIK"
"CTSC2",9.13605806776034e-12,1.15420405608932,0.684,0.152,"10","CTSC"
"SOX4",1.23707833231659e-11,0.943779139186787,0.289,0.011,"10","SOX4"
"SPINT21",2.39707429025227e-11,0.923805285402769,0.474,0.06,"10","SPINT2"
"HSP90B13",3.08231422118219e-11,0.862911204172867,0.789,0.239,"10","HSP90B1"
"CCDC28B",3.25335612329818e-11,1.06151169910593,0.316,0.016,"10","CCDC28B"
"PPP1R14B",3.47929989366739e-11,1.26886784078544,0.342,0.029,"10","PPP1R14B"
"MCM5",6.36172303224015e-11,0.633021440871523,0.342,0.036,"10","MCM5"
"IRF4",1.69696303135964e-10,0.741749061798037,0.263,0.011,"10","IRF4"
"DUT1",2.20047430203904e-10,0.632262603457189,0.605,0.16,"10","DUT"
"MYL12A3",2.47028710195548e-10,0.781404950535419,0.974,0.676,"10","MYL12A"
"PFN16",2.93962224194733e-10,0.529685799964794,1,0.91,"10","PFN1"
"ISCU5",3.11242104254047e-10,0.827406258489212,0.921,0.457,"10","ISCU"
"GABARAPL21",3.27331590922641e-10,0.869641776638997,0.895,0.415,"10","GABARAPL2"
"VAMP83",3.74662481976433e-10,1.03627917165678,0.737,0.294,"10","VAMP8"
"LAGE3",5.55640934976511e-10,0.942428032272963,0.579,0.12,"10","LAGE3"
"IL3RA1",9.52174380109955e-10,0.853305632017951,0.368,0.037,"10","IL3RA"
"SYNGR22",1.02484349489669e-09,1.1018218398421,0.605,0.14,"10","SYNGR2"
"UROD",1.80307220087046e-09,0.752833080787806,0.421,0.072,"10","UROD"
"COMMD1",1.83979824533701e-09,0.704961439132005,0.447,0.081,"10","COMMD1"
"CXorf21",2.11119311709708e-09,0.880216412136483,0.342,0.031,"10","CXorf21"
"HLA-DMB1",2.45949809156663e-09,1.09795075409444,0.447,0.069,"10","HLA-DMB"
"APEX1",2.87581396379391e-09,0.903162490100684,0.474,0.091,"10","APEX1"
"NPM3",2.8965834807034e-09,0.495302504837956,0.289,0.055,"10","NPM3"
"HLA-DPB18",3.85374540704685e-09,0.822390580845175,0.921,0.476,"10","HLA-DPB1"
"BZW2",3.96471590356026e-09,0.684278121317441,0.342,0.043,"10","BZW2"
"ACN9",3.96841170869994e-09,0.627075017406139,0.289,0.032,"10","ACN9"
"FKBP21",4.35266470072721e-09,0.928945829162532,0.711,0.231,"10","FKBP2"
"GPR1835",5.1939529342319e-09,1.12768164750362,0.763,0.377,"10","GPR183"
"RNASEH2B",5.27939532144038e-09,0.74032995516479,0.447,0.08,"10","RNASEH2B"
"SEC11C1",5.66985952113091e-09,0.641913124827247,0.526,0.131,"10","SEC11C"
"ARID3A",5.86236993681272e-09,0.80053236649538,0.289,0.02,"10","ARID3A"
"COMMD3",6.09522389337576e-09,0.743348456035808,0.526,0.127,"10","COMMD3"
"PLEK5",6.18635754995578e-09,0.907766999016613,0.684,0.205,"10","PLEK"
"LPXN1",8.734808262011e-09,0.936211861826111,0.658,0.22,"10","LPXN"
"MCTS1",1.08411859621815e-08,0.581353576632562,0.421,0.086,"10","MCTS1"
"ALG21",1.27762890217843e-08,0.972414129405554,0.421,0.071,"10","ALG2"
"ZDHHC4",1.30523125287346e-08,0.65475782089614,0.368,0.06,"10","ZDHHC4"
"HMGN3",1.60949641309857e-08,0.641785062459739,0.395,0.076,"10","HMGN3"
"TUBA1B2",1.88576126123172e-08,1.03408010307772,0.605,0.254,"10","TUBA1B"
"PEBP14",3.62507809619406e-08,0.555653585760233,0.579,0.186,"10","PEBP1"
"ARL6IP53",5.13850461031254e-08,0.788636266540512,0.816,0.365,"10","ARL6IP5"
"DUSP5",5.16177468504816e-08,0.869810176163164,0.316,0.031,"10","DUSP5"
"ACAT2",5.60494865958691e-08,1.03722528901087,0.342,0.049,"10","ACAT2"
"SMC6",5.86180406348194e-08,0.688108762288731,0.316,0.038,"10","SMC6"
"EXOSC7",7.26642197324568e-08,0.441583609159092,0.289,0.056,"10","EXOSC7"
"TAGLN24",7.71004832016238e-08,0.786490582812066,0.763,0.306,"10","TAGLN2"
"GRSF1",8.32810696636804e-08,0.618879524269904,0.368,0.07,"10","GRSF1"
"APRT9",9.72877421393075e-08,0.750725982820053,0.711,0.251,"10","APRT"
"PSMB51",1.14718574143769e-07,0.760729945255256,0.632,0.197,"10","PSMB5"
"IRF74",1.24776314060868e-07,1.01605956784395,0.526,0.235,"10","IRF7"
"BST25",1.28060390052429e-07,0.879554621953606,0.763,0.352,"10","BST2"
"LMAN1",1.46953736442073e-07,0.545540094068555,0.316,0.056,"10","LMAN1"
"C12orf75",1.5004852403903e-07,1.06260770036821,0.342,0.044,"10","C12orf75"
"SLAMF72",1.55432595904446e-07,0.811870349668945,0.447,0.088,"10","SLAMF7"
"HAUS1",1.73475069249208e-07,0.391163347181945,0.263,0.055,"10","HAUS1"
"FYTTD1",1.76427464008338e-07,0.576646172387022,0.395,0.084,"10","FYTTD1"
"RBBP4",2.0802488827605e-07,0.610454348126177,0.395,0.082,"10","RBBP4"
"RPN2",2.18914064214248e-07,0.862219560066928,0.632,0.203,"10","RPN2"
"TALDO18",2.34411611925644e-07,0.790560675033364,0.868,0.475,"10","TALDO1"
"KLF13",2.43416763185746e-07,0.530023509471561,0.289,0.048,"10","KLF13"
"SPCS16",2.51189278181974e-07,0.754139745559086,0.789,0.338,"10","SPCS1"
"RPLP06",2.65485709583702e-07,0.38659742787271,1,0.799,"10","RPLP0"
"SNRPE1",3.07629804874611e-07,0.604927273910839,0.5,0.14,"10","SNRPE"
"CUEDC2",3.47404224070798e-07,0.537572664238037,0.368,0.078,"10","CUEDC2"
"CLIC31",3.95521282137583e-07,1.38764462997132,0.342,0.049,"10","CLIC3"
"SSB3",4.25852259033351e-07,0.36001503767044,0.579,0.233,"10","SSB"
"MRPL34",5.11375254389099e-07,0.450929514826717,0.421,0.123,"10","MRPL34"
"PRDX63",5.70586484071501e-07,0.613258678090386,0.632,0.221,"10","PRDX6"
"C1QBP3",5.72549126891318e-07,0.718625512205593,0.658,0.23,"10","C1QBP"
"ANXA72",6.08778954382578e-07,0.717400852607905,0.658,0.271,"10","ANXA7"
"DDB1",6.22852604761022e-07,0.877170364064573,0.316,0.05,"10","DDB1"
"MRPS11",6.38155385061346e-07,0.503212331766191,0.342,0.079,"10","MRPS11"
"SF3A3",6.62960222777931e-07,0.308794694940972,0.316,0.095,"10","SF3A3"
"KATNBL1",6.79684155288658e-07,0.412593703413484,0.263,0.049,"10","KATNBL1"
"C14orf1663",7.1894193271036e-07,0.4019445336299,0.605,0.252,"10","C14orf166"
"ALG5",7.25585310453444e-07,0.460096018085852,0.316,0.071,"10","ALG5"
"CLPP",7.5996815015957e-07,0.285800372181153,0.289,0.082,"10","CLPP"
"EBP",8.23709657016315e-07,0.714857062990365,0.316,0.047,"10","EBP"
"CAT1",8.30733295667086e-07,0.925289827221512,0.395,0.074,"10","CAT"
"TFPT",9.4839506461933e-07,0.562992159558484,0.263,0.036,"10","TFPT"
"PSMD11",9.75797970556904e-07,0.406619100347865,0.5,0.177,"10","PSMD11"
"LSM4",1.00301046163046e-06,0.902847836019035,0.526,0.151,"10","LSM4"
"LDHB6",1.00391579157887e-06,0.28065574230947,0.763,0.385,"10","LDHB"
"CYC11",1.02278276015636e-06,0.532442747559846,0.579,0.202,"10","CYC1"
"ANP32A",1.08481887530734e-06,0.532024246421061,0.474,0.141,"10","ANP32A"
"MAD2L2",1.14214109722059e-06,0.459940251660928,0.342,0.081,"10","MAD2L2"
"NME1",1.24061546390044e-06,0.461874158715018,0.263,0.048,"10","NME1"
"TUBB2",1.36448042347338e-06,0.431649270905835,0.526,0.196,"10","TUBB"
"HINT16",1.407985907875e-06,0.722506297350066,0.921,0.61,"10","HINT1"
"LILRB42",1.41711927061157e-06,0.79844053947672,0.579,0.183,"10","LILRB4"
"GRN8",1.43161895224219e-06,0.571824454676451,0.737,0.312,"10","GRN"
"KDELR2",1.6590788340072e-06,0.630022564559267,0.711,0.295,"10","KDELR2"
"EIF5A2",1.80407350658169e-06,0.364844727634058,0.553,0.223,"10","EIF5A"
"HSP90AA14",1.90205139083626e-06,0.609689416272627,0.895,0.583,"10","HSP90AA1"
"LSM71",1.95407030678946e-06,0.468511282228878,0.5,0.173,"10","LSM7"
"ATP5G23",2.18347103777354e-06,0.638249029931069,0.895,0.514,"10","ATP5G2"
"TCEAL8",2.25259886245373e-06,0.626916776207269,0.342,0.068,"10","TCEAL8"
"CD362",2.27659557252144e-06,0.692602038578354,0.421,0.094,"10","CD36"
"C1orf43",2.39250662130203e-06,0.808050741742754,0.605,0.232,"10","C1orf43"
"POLR3K",2.42559106746599e-06,0.48469601789749,0.289,0.064,"10","POLR3K"
"ZNF22",2.46158017058035e-06,0.506864021626415,0.342,0.08,"10","ZNF22"
"LGALS18",2.60711320369431e-06,0.527588076464358,0.921,0.543,"10","LGALS1"
"STRA13",2.61396403927809e-06,0.322061652858881,0.263,0.07,"10","STRA13"
"MIR1422",2.82572610592247e-06,0.296828862694707,0.447,0.171,"10","MIR142"
"ATP5D3",3.18663444579756e-06,0.6544677696994,0.658,0.262,"10","ATP5D"
"NHP21",3.28573348294276e-06,0.664626403294111,0.474,0.14,"10","NHP2"
"SSRP1",3.4474773491576e-06,0.376880033440543,0.263,0.061,"10","SSRP1"
"TMEM14B",3.69397726525257e-06,0.377584246031791,0.447,0.157,"10","TMEM14B"
"TTC17",3.70122847683839e-06,0.628363049869579,0.263,0.034,"10","TTC17"
"VIMP",3.87434873414895e-06,0.608134232589101,0.553,0.182,"10","VIMP"
"NDUFA8",3.88849061210766e-06,0.38240957531302,0.395,0.131,"10","NDUFA8"
"PFKL",4.32556515578287e-06,0.825979898645588,0.368,0.072,"10","PFKL"
"HNRNPA15",4.34658408987437e-06,0.494071148350424,0.947,0.633,"10","HNRNPA1"
"GPN3",4.3536927911115e-06,0.371350418418535,0.263,0.065,"10","GPN3"
"CDC372",4.39482078154153e-06,0.427814722912274,0.605,0.248,"10","CDC37"
"TMEM205",4.44766276040877e-06,0.463407396823885,0.342,0.086,"10","TMEM205"
"PRDX16",4.50491591114562e-06,0.503675213657825,0.895,0.497,"10","PRDX1"
"EIF1AX",4.71797834236689e-06,0.333504043583477,0.368,0.131,"10","EIF1AX"
"EIF4A12",4.72251691226131e-06,0.478398455545034,0.974,0.752,"10","EIF4A1"
"ACP12",4.82372519888072e-06,0.305080208316162,0.474,0.198,"10","ACP1"
"NUCB2",4.98736810639484e-06,0.987742772436683,0.316,0.087,"10","NUCB2"
"PHPT1",5.0158301799876e-06,0.522608430210456,0.316,0.077,"10","PHPT1"
"ENY23",5.22737624365521e-06,0.322378004691001,0.605,0.285,"10","ENY2"
"IRF81",5.27628591116979e-06,1.0625972804401,0.316,0.059,"10","IRF8"
"RFXANK",5.28659589803908e-06,0.38155341856687,0.263,0.069,"10","RFXANK"
"HSPE12",5.60069438363083e-06,0.417983432213002,0.553,0.222,"10","HSPE1"
"RNASE6",5.67724820381308e-06,1.00715952374198,0.316,0.067,"10","RNASE6"
"SDF4",5.71764581001347e-06,0.746603113960881,0.447,0.112,"10","SDF4"
"EIF3M1",5.93968881831737e-06,0.29858535111604,0.605,0.278,"10","EIF3M"
"SUPT4H1",5.97125578606518e-06,0.429776318962193,0.684,0.316,"10","SUPT4H1"
"AK2",6.15554735574242e-06,0.487539220151789,0.289,0.06,"10","AK2"
"FABP52",6.2615067062772e-06,0.514659034267503,0.421,0.117,"10","FABP5"
"ATP5G11",6.74764701135599e-06,0.684697549154971,0.5,0.15,"10","ATP5G1"
"MPEG1",6.94594102249271e-06,0.618002065107177,0.368,0.078,"10","MPEG1"
"UCHL3",7.23867264095456e-06,0.676902845842959,0.368,0.077,"10","UCHL3"
"NDUFV22",8.24420234472455e-06,0.715378346887412,0.763,0.371,"10","NDUFV2"
"PSMA35",8.27991632352998e-06,0.500875319962304,0.684,0.297,"10","PSMA3"
"ASF1A1",8.53262254364517e-06,0.428032855133082,0.368,0.114,"10","ASF1A"
"IMP32",8.75974754370589e-06,0.270594355818362,0.421,0.171,"10","IMP3"
"ECH14",9.20527807051677e-06,0.469069536939369,0.553,0.22,"10","ECH1"
"DCAF13",9.56433374122212e-06,0.363702623586104,0.289,0.083,"10","DCAF13"
"PHB1",9.65292549673871e-06,0.520089237461718,0.447,0.147,"10","PHB"
"THYN1",9.77188130502086e-06,0.374965237429556,0.342,0.107,"10","THYN1"
"WDR61",1.05158979075693e-05,0.422610510519709,0.289,0.071,"10","WDR61"
"ERH2",1.08537299541211e-05,0.422075514320963,0.711,0.34,"10","ERH"
"MRPS12",1.32686646479871e-05,0.579005292058578,0.421,0.119,"10","MRPS12"
"LAMTOR12",1.56888659623397e-05,0.295574970021334,0.658,0.327,"10","LAMTOR1"
"MRPL23",1.59897351173874e-05,0.591546311195808,0.447,0.137,"10","MRPL23"
"CYTH2",1.62877695057538e-05,0.324945657839062,0.263,0.079,"10","CYTH2"
"COPB1",1.65363396643375e-05,0.478979055769246,0.368,0.104,"10","COPB1"
"ZBTB8OS",1.74125709102748e-05,0.282757251054592,0.263,0.087,"10","ZBTB8OS"
"NDUFB3",1.74473116099147e-05,0.401326202134157,0.5,0.202,"10","NDUFB3"
"SEC63",1.77887773979867e-05,0.378493005442364,0.263,0.064,"10","SEC63"
"DBI2",2.21659621174474e-05,0.669568617899529,0.737,0.361,"10","DBI"
"PRDX53",2.22002392043599e-05,0.731111215774407,0.658,0.284,"10","PRDX5"
"DAD11",2.22036051070179e-05,0.644163547987088,0.763,0.384,"10","DAD1"
"ZNF428",2.33631148773069e-05,0.601711433313243,0.342,0.081,"10","ZNF428"
"SNCA",2.52076729170768e-05,0.765570724458414,0.289,0.049,"10","SNCA"
"CNPY3",2.63369780479183e-05,0.61635236289744,0.5,0.167,"10","CNPY3"
"ITPA",2.70032466990314e-05,0.558440404629999,0.316,0.067,"10","ITPA"
"SRD5A3",2.78311324849705e-05,0.658345567365048,0.263,0.04,"10","SRD5A3"
"SSSCA1",2.85503737432153e-05,0.585960159932307,0.289,0.059,"10","SSSCA1"
"USMG5",2.94325615363431e-05,0.611828405286657,0.553,0.224,"10","USMG5"
"PSMA2.11",3.00496166250953e-05,0.662635738252541,0.737,0.375,"10","PSMA2.1"
"MUM1",3.508529977896e-05,0.527956146080997,0.263,0.05,"10","MUM1"
"MRPL37",3.52916606872121e-05,0.46496912958278,0.263,0.053,"10","MRPL37"
"APOA1BP",3.58294530195369e-05,0.340601779855904,0.263,0.071,"10","APOA1BP"
"C12orf451",3.84223825855368e-05,0.720940953670639,0.263,0.039,"10","C12orf45"
"C9orf142",3.90829857264594e-05,0.737207144380887,0.316,0.063,"10","C9orf142"
"ARPC5L",3.91792001117492e-05,0.271563466447983,0.342,0.132,"10","ARPC5L"
"SNX3",3.96936703363669e-05,0.514142228910827,0.842,0.473,"10","SNX3"
"DAPP11",4.10247258985908e-05,0.410266726738111,0.263,0.059,"10","DAPP1"
"RANBP11",4.11708872837285e-05,0.656263533317554,0.553,0.201,"10","RANBP1"
"NUP62",4.35524266321211e-05,0.491395222324851,0.316,0.074,"10","NUP62"
"DDOST",4.39922142551492e-05,0.262505916272019,0.316,0.119,"10","DDOST"
"TMX2",4.47029483953932e-05,0.332017967738444,0.316,0.098,"10","TMX2"
"ANAPC11",4.55999299741526e-05,0.652777073045913,0.605,0.24,"10","ANAPC11"
"ATP5A14",4.61582395279285e-05,0.403819276935365,0.658,0.31,"10","ATP5A1"
"PIN1",4.70619282805378e-05,0.526306365112149,0.474,0.163,"10","PIN1"
"ETFB",4.97101843163897e-05,0.594624045794958,0.421,0.127,"10","ETFB"
"TIMMDC1",5.08608224701052e-05,0.431325178554856,0.316,0.091,"10","TIMMDC1"
"DCK",5.1676133166897e-05,0.746110698213657,0.421,0.116,"10","DCK"
"SMARCE1",5.31215695831423e-05,0.493290447470788,0.316,0.079,"10","SMARCE1"
"ATP5C1",5.32649962525242e-05,0.690075330520991,0.553,0.207,"10","ATP5C1"
"NUCKS1",5.4895009492484e-05,0.60487704636418,0.316,0.071,"10","NUCKS1"
"MDH13",5.63926052755867e-05,0.428640980585695,0.579,0.25,"10","MDH1"
"PMVK",6.33451753374351e-05,0.426234958621605,0.263,0.063,"10","PMVK"
"U2SURP",6.40317951650791e-05,0.253517803822059,0.316,0.125,"10","U2SURP"
"ATOX13",6.43132732062426e-05,0.716196211297105,0.474,0.179,"10","ATOX1"
"CLNS1A",6.47995705158351e-05,0.417486852922337,0.368,0.123,"10","CLNS1A"
"C1orf86",6.6840924044933e-05,0.351175828154207,0.316,0.101,"10","C1orf86"
"NDUFA4",6.78673058760576e-05,0.480698219187521,0.842,0.477,"10","NDUFA4"
"EID1",6.84393121995007e-05,0.70666771249708,0.605,0.26,"10","EID1"
"PFDN6",7.80140074485492e-05,0.41119288521926,0.263,0.063,"10","PFDN6"
"RPL22L1",7.89041566630306e-05,0.456386694453076,0.289,0.076,"10","RPL22L1"
"FAM162A",8.18093049109805e-05,0.384277576119755,0.316,0.101,"10","FAM162A"
"RBMX1",8.29233448647918e-05,0.300301826577348,0.474,0.208,"10","RBMX"
"LYPLA1",8.31130029397935e-05,0.311782304043225,0.263,0.082,"10","LYPLA1"
"THOC6",8.32106117103528e-05,0.493156785171488,0.263,0.059,"10","THOC6"
"ZNF7062",8.44966535930548e-05,0.615927030181319,0.763,0.412,"10","ZNF706"
"SRSF91",8.76452914445757e-05,0.699510761820951,0.632,0.287,"10","SRSF9"
"IER3IP1.1",8.94584935150716e-05,0.315352823178342,0.316,0.107,"10","IER3IP1.1"
"PMF1",9.0606255335819e-05,0.45526504915423,0.289,0.075,"10","PMF1"
"HMGN17",0.000100698784165229,0.558401712287298,0.789,0.428,"10","HMGN1"
"XIST",0.000109736213714175,0.671877173286613,0.316,0.068,"10","XIST"
"ATXN10",0.000111666912957695,0.55830840832913,0.342,0.089,"10","ATXN10"
"NUDCD2",0.000115469078260569,0.313619470319171,0.263,0.084,"10","NUDCD2"
"KPNA2",0.000116039708972528,0.416903002156418,0.263,0.072,"10","KPNA2"
"RPL26L1",0.000118201492858681,0.625601538048979,0.316,0.073,"10","RPL26L1"
"PPIA1",0.000120575994718204,0.547058297466079,0.737,0.373,"10","PPIA"
"CCT22",0.000123093530159295,0.682058835833768,0.447,0.142,"10","CCT2"
"C19orf70",0.000127018289446528,0.411217196031479,0.368,0.128,"10","C19orf70"
"CHCHD2",0.000132900959868357,0.541588498748645,0.895,0.67,"10","CHCHD2"
"M6PR3",0.000133405526807855,0.71453879542261,0.526,0.213,"10","M6PR"
"ENSA1",0.00013549728737237,0.332674403537735,0.447,0.188,"10","ENSA"
"MLF2",0.000140888234034851,0.602341248315274,0.526,0.199,"10","MLF2"
"COPZ1",0.000143648667357056,0.580736452351387,0.579,0.24,"10","COPZ1"
"RNF5",0.000145238522924278,0.716663995301627,0.447,0.159,"10","RNF5"
"ATP5G31",0.000158274737773824,0.604250492777856,0.632,0.283,"10","ATP5G3"
"DHRS73",0.000159775279196089,0.508097966250508,0.605,0.266,"10","DHRS7"
"STOML2",0.000159819226465382,0.689604261375168,0.368,0.1,"10","STOML2"
"SMC3",0.00016742074001488,0.318980525689646,0.289,0.099,"10","SMC3"
"ARMC10",0.000178898861616269,0.662896522401778,0.263,0.047,"10","ARMC10"
"ATP5E2",0.00019161844520843,0.421143582817118,0.947,0.675,"10","ATP5E"
"STUB1",0.00019163989869301,0.324822494299783,0.395,0.16,"10","STUB1"
"TIMM13",0.000192364147585823,0.507457066371207,0.395,0.127,"10","TIMM13"
"NXT11",0.000194726048405841,0.329506879818125,0.316,0.113,"10","NXT1"
"SLC25A31",0.000197636975606387,0.537615518417662,0.737,0.406,"10","SLC25A3"
"MDH21",0.000204507813167548,0.724705253997017,0.474,0.165,"10","MDH2"
"PSMB2",0.000208857181565998,0.624922170034076,0.605,0.285,"10","PSMB2"
"HSPB111",0.000209778080223165,0.497042889328365,0.289,0.074,"10","HSPB11"
"TMEM258",0.000210311929776593,0.400168947985775,0.553,0.249,"10","TMEM258"
"ANAPC164",0.000212549523159452,0.273267092250711,0.632,0.333,"10","ANAPC16"
"FERMT34",0.000220275935324919,0.727792995181767,0.5,0.225,"10","FERMT3"
"LAP33",0.000220864783539747,0.392421766997131,0.474,0.194,"10","LAP3"
"TMEM138",0.000224046737162569,0.613799910108574,0.342,0.091,"10","TMEM138"
"NDUFAF3",0.000228779590517327,0.4323569048658,0.526,0.228,"10","NDUFAF3"
"PPIB",0.00024067128181764,0.590079782285756,0.658,0.312,"10","PPIB"
"SMC4",0.000243092252623033,0.364115609292537,0.263,0.074,"10","SMC4"
"UQCRQ",0.000244312316906459,0.504940998839671,0.5,0.199,"10","UQCRQ"
"SNRPB21",0.000247245386532436,0.270835118101981,0.447,0.215,"10","SNRPB2"
"HSP90AB17",0.000248466898008652,0.566231483659569,0.816,0.499,"10","HSP90AB1"
"RPL23",0.000250080911915833,0.310056452944544,0.947,0.657,"10","RPL23"
"NUDT5",0.000256760875469405,0.503665576921055,0.368,0.118,"10","NUDT5"
"CCDC88A1",0.000266824887214854,0.537449445610862,0.289,0.064,"10","CCDC88A"
"COX5A",0.000267125272961323,0.616500789247582,0.632,0.291,"10","COX5A"
"MS4A6A1",0.000276358719455,0.705439933272745,0.263,0.078,"10","MS4A6A"
"BEX4",0.000281973309688061,0.257349901447477,0.289,0.11,"10","BEX4"
"TECR",0.000289373012932929,0.317079212235768,0.289,0.102,"10","TECR"
"UFC11",0.000308587856701017,0.440863915588389,0.553,0.245,"10","UFC1"
"WIPI2",0.000309369738277677,0.527604629298283,0.368,0.113,"10","WIPI2"
"ERP297",0.000318085189559612,0.548723341959247,0.605,0.29,"10","ERP29"
"PDCD62",0.000322050291385872,0.47314995094216,0.658,0.323,"10","PDCD6"
"VKORC1",0.000353222770011423,0.535325222715002,0.368,0.113,"10","VKORC1"
"FKBP8",0.00037185107318613,0.484979208419057,0.474,0.193,"10","FKBP8"
"LSM61",0.000378621647377047,0.366790166735601,0.395,0.155,"10","LSM6"
"CYLD1",0.000387981068257068,0.404351933188113,0.368,0.136,"10","CYLD"
"EMC71",0.000391245099352184,0.585475529180469,0.579,0.251,"10","EMC7"
"ATRAID",0.000405763757985061,0.392701489141857,0.421,0.173,"10","ATRAID"
"CD473",0.000405959568193744,0.608911772456918,0.632,0.306,"10","CD47"
"ZNF259",0.000409890644473743,0.358390138706473,0.263,0.077,"10","ZNF259"
"NAP1L13",0.000436724274679963,0.600770801307741,0.711,0.385,"10","NAP1L1"
"PSME26",0.000451899494933497,0.467404777451388,0.868,0.583,"10","PSME2"
"SNX1",0.000477921891846828,0.311085021599499,0.263,0.093,"10","SNX1"
"SMIM19",0.000478784524247394,0.450738624236576,0.263,0.069,"10","SMIM19"
"FAM96A",0.000492546798388523,0.461852756674337,0.316,0.09,"10","FAM96A"
"XRN2",0.000494981823452672,0.326564739765671,0.368,0.15,"10","XRN2"
"MRPL16",0.00051567455001133,0.439772512115964,0.316,0.098,"10","MRPL16"
"MRPL28",0.000520250327230434,0.273708134640263,0.368,0.162,"10","MRPL28"
"LTB9",0.000559891560161108,1.04744321965024,0.474,0.347,"10","LTB"
"LYSMD24",0.000561643793242523,0.406764483651064,0.553,0.256,"10","LYSMD2"
"PPM1G",0.000566254745830064,0.394361233255128,0.316,0.102,"10","PPM1G"
"FBXL15",0.000570633749661333,0.313666974396507,0.263,0.089,"10","FBXL15"
"CD59",0.000578800246186886,0.548654008825981,0.368,0.116,"10","CD59"
"HNRNPA31",0.00057933952573084,0.522436227474458,0.605,0.34,"10","HNRNPA3"
"NENF1",0.000583076139042837,0.264815055454599,0.368,0.157,"10","NENF"
"UBB4",0.000609343099630677,0.256739938863111,1,0.816,"10","UBB"
"NGDN1",0.00061349312193376,0.286927986322243,0.289,0.114,"10","NGDN"
"ID22",0.000648888988438128,0.580515124111353,0.474,0.182,"10","ID2"
"NDUFS7",0.000663423319219751,0.6426071033624,0.421,0.152,"10","NDUFS7"
"MRPL43",0.000678022935829132,0.275463546777542,0.263,0.094,"10","MRPL43"
"NDUFS6",0.000714171945682541,0.472442022033873,0.474,0.193,"10","NDUFS6"
"PRDX41",0.000727783473154822,0.430546631701833,0.263,0.072,"10","PRDX4"
"TUFM1",0.0007409049329468,0.495433379803211,0.553,0.247,"10","TUFM"
"UCP2",0.000757909742348235,0.525498798409301,0.447,0.169,"10","UCP2"
"GNL3",0.000760517721041724,0.31964906131219,0.263,0.086,"10","GNL3"
"CHMP4B3",0.000774998524150453,0.541526409746151,0.526,0.221,"10","CHMP4B"
"RER12",0.000776270088423988,0.34139621171977,0.579,0.292,"10","RER1"
"TFEC",0.000798122753314878,0.56204004974544,0.263,0.058,"10","TFEC"
"H2AFV1",0.00080213901367833,0.408497993020779,0.737,0.412,"10","H2AFV"
"TUBA1A2",0.000806531312813327,0.785555457422694,0.342,0.147,"10","TUBA1A"
"LSP14",0.000813724179489328,0.648785703839541,0.605,0.328,"10","LSP1"
"DERL1",0.000838119120865563,0.359193931632791,0.316,0.114,"10","DERL1"
"OFD1",0.000860660894877709,0.465792440891732,0.263,0.074,"10","OFD1"
"ITGAE1",0.000869565139910966,0.424001746013199,0.342,0.118,"10","ITGAE"
"LAPTM4A2",0.000871583803363021,0.255505447964399,0.684,0.4,"10","LAPTM4A"
"PDIA63",0.000881191704195002,0.465609607081493,0.579,0.273,"10","PDIA6"
"ABHD3",0.000896414853373156,0.49999711828474,0.289,0.09,"10","ABHD3"
"MB21D1",0.00094959629225685,0.461910434474371,0.263,0.064,"10","MB21D1"
"MRP63",0.000984627005873321,0.30420240218302,0.421,0.188,"10","MRP63"
"BAX5",0.000985359240947867,0.275240952648255,0.579,0.31,"10","BAX"
"IL2RG5",0.000988564331298999,0.548770416418063,0.684,0.406,"10","IL2RG"
"TBCB",0.00100674435908129,0.326047341833149,0.368,0.158,"10","TBCB"
"ODC1",0.00101697668907604,0.53333390258951,0.263,0.064,"10","ODC1"
"YIF1A",0.00102829572861998,0.443096272872534,0.368,0.134,"10","YIF1A"
"TIMM8B",0.00103724054212391,0.431515844316403,0.368,0.131,"10","TIMM8B"
"DCTN3",0.00106787113792128,0.515151492967595,0.368,0.123,"10","DCTN3"
"STX7",0.00107408460191119,0.653525222619954,0.316,0.1,"10","STX7"
"DSTN",0.0011241066304223,0.403740081674601,0.342,0.128,"10","DSTN"
"FKBP1A1",0.00115332213492803,0.334747679992204,0.684,0.394,"10","FKBP1A"
"FAM118A",0.00115450557739992,0.775092732477739,0.289,0.09,"10","FAM118A"
"ATP6V1G11",0.00123512186257324,0.35058001707162,0.895,0.614,"10","ATP6V1G1"
"FKBP3",0.0012397363264993,0.408298221795052,0.289,0.093,"10","FKBP3"
"RNF167",0.00124602981104671,0.3554287674513,0.289,0.1,"10","RNF167"
"EIF3A",0.00125738256740561,0.251374046839907,0.289,0.118,"10","EIF3A"
"NAA38",0.00125905162348773,0.260583672309712,0.289,0.114,"10","NAA38"
"C7orf731",0.00134563107893973,0.441050658341339,0.474,0.202,"10","C7orf73"
"MRPL36",0.00142703270654032,0.253326170328763,0.289,0.121,"10","MRPL36"
"FAM49A2",0.00142726228841326,0.577169810654033,0.289,0.076,"10","FAM49A"
"PTRHD1",0.00144489625685644,0.450658429057889,0.263,0.076,"10","PTRHD1"
"MRPL41",0.00146247933697843,0.41410396821242,0.474,0.212,"10","MRPL41"
"DNAJC19",0.00148162955220324,0.360399710307197,0.263,0.086,"10","DNAJC19"
"HSPA92",0.00149082762465343,0.401056873305543,0.342,0.131,"10","HSPA9"
"UBL7",0.00150214301984368,0.526698025979687,0.263,0.067,"10","UBL7"
"EIF64",0.00150278810277585,0.311404626367958,0.632,0.356,"10","EIF6"
"ATP5J2",0.00151928545573856,0.461841432536552,0.579,0.289,"10","ATP5J2"
"NDUFS3",0.00158817072814872,0.608095977287534,0.316,0.104,"10","NDUFS3"
"PSMC2",0.0016291719940451,0.406271272514451,0.395,0.157,"10","PSMC2"
"DNAJC15",0.00168001403854111,0.582367185848404,0.368,0.122,"10","DNAJC15"
"SLC25A51",0.00176613599344704,0.566120823637581,0.684,0.403,"10","SLC25A5"
"MAX2",0.00178758687102387,0.266362717952513,0.342,0.148,"10","MAX"
"ACADVL",0.00183990740853302,0.284975980547961,0.342,0.15,"10","ACADVL"
"FIBP",0.00189014915423255,0.349155023919476,0.316,0.121,"10","FIBP"
"SMARCB1",0.00190034970636819,0.415336695631982,0.289,0.093,"10","SMARCB1"
"HAX11",0.00191931932947335,0.559274443349912,0.342,0.194,"10","HAX1"
"TCEB1",0.00193967061008373,0.354319763481234,0.447,0.205,"10","TCEB1"
"RBM171",0.0019782698774023,0.406213111754229,0.368,0.15,"10","RBM17"
"COX7A2",0.00202754680836412,0.377184707125049,0.789,0.509,"10","COX7A2"
"POLR2I",0.00203953671148433,0.407515807211932,0.289,0.097,"10","POLR2I"
"MRPS15",0.00207392181646302,0.365140462271276,0.289,0.106,"10","MRPS15"
"GGNBP21",0.00208096602826674,0.43718777789232,0.316,0.106,"10","GGNBP2"
"MRPL201",0.00209373179747228,0.451462422254699,0.474,0.21,"10","MRPL20"
"TMX1",0.00210513381694007,0.307690173478112,0.263,0.095,"10","TMX1"
"IDH3G",0.0021240111070654,0.310480502398973,0.289,0.109,"10","IDH3G"
"RPAIN",0.00212492883513197,0.409643882223257,0.263,0.08,"10","RPAIN"
"NDUFS8",0.00227791953662817,0.530740497257105,0.342,0.119,"10","NDUFS8"
"DDX46",0.00229856287644522,0.296697070979866,0.289,0.115,"10","DDX46"
"CDC123",0.00234459581028051,0.439671886049844,0.342,0.13,"10","CDC123"
"NDUFA9",0.00237518346871262,0.50776015489147,0.342,0.116,"10","NDUFA9"
"ATP5J",0.00252727868654856,0.547852725303857,0.632,0.361,"10","ATP5J"
"CCT43",0.00261514231059306,0.410086649808246,0.553,0.277,"10","CCT4"
"PTPN2",0.00261817622926456,0.397635463135114,0.289,0.101,"10","PTPN2"
"CCDC471",0.0026648245834347,0.393470101612118,0.263,0.081,"10","CCDC47"
"FAM96B1",0.00271093703369164,0.429198512062616,0.632,0.363,"10","FAM96B"
"RAB4B",0.00271523723029702,0.401073606518571,0.263,0.085,"10","RAB4B"
"COX6C2",0.00274471408467073,0.514756607295387,0.632,0.333,"10","COX6C"
"MTDH",0.00280378091680986,0.575817114894471,0.526,0.25,"10","MTDH"
"UQCRFS1",0.00280551931551825,0.285134521790734,0.553,0.322,"10","UQCRFS1"
"SEP152",0.00280617829296241,0.380321447459011,0.553,0.295,"10","SEP15"
"SEPT2",0.00280937386537433,0.372075302455348,0.289,0.151,"10","SEPT2"
"NDUFB10",0.00296466195580409,0.323068304906139,0.447,0.214,"10","NDUFB10"
"CFLAR",0.00298027720217347,0.453440698349261,0.447,0.192,"10","CFLAR"
"SNF81",0.00302938226521451,0.336018231533694,0.474,0.233,"10","SNF8"
"OTUB1",0.00304483602555578,0.42647073113242,0.342,0.144,"10","OTUB1"
"UQCR11.11",0.00308470717605505,0.431331889706746,0.684,0.392,"10","UQCR11.1"
"NDUFB2",0.00313904677510029,0.295023936133266,0.684,0.409,"10","NDUFB2"
"PTPMT1",0.00342507699763862,0.441207036065516,0.263,0.078,"10","PTPMT1"
"COX5B",0.00343665252071059,0.516569123147381,0.684,0.402,"10","COX5B"
"JAGN1",0.0034697646828768,0.297019083671736,0.316,0.129,"10","JAGN1"
"PLAC81",0.00348742568636188,0.751828244558737,0.368,0.153,"10","PLAC8"
"SNAP29",0.00348774685212225,0.516348483030181,0.316,0.102,"10","SNAP29"
"MRPS34",0.00354128841449084,0.288077949998231,0.263,0.11,"10","MRPS34"
"TNFRSF1B2",0.00409987169809494,0.515106501027905,0.395,0.151,"10","TNFRSF1B"
"UQCR10",0.00429750697146608,0.309138822605113,0.684,0.413,"10","UQCR10"
"BCAP31",0.00432921736443193,0.503003918007912,0.526,0.253,"10","BCAP31"
"C16orf13",0.00438379668887853,0.528297264734098,0.289,0.09,"10","C16orf13"
"MARCKSL18",0.00453899805525853,0.51875759279328,0.737,0.471,"10","MARCKSL1"
"BRD2",0.00477485763530944,0.492306290747702,0.289,0.093,"10","BRD2"
"NDUFAB11",0.00478069100930084,0.3513657039232,0.474,0.23,"10","NDUFAB1"
"C11orf581",0.00480023871501843,0.339936652571457,0.711,0.43,"10","C11orf58"
"CCT71",0.00489764679371678,0.408233265599673,0.395,0.169,"10","CCT7"
"RPS111",0.00492976856505182,0.286295944781286,0.947,0.726,"10","RPS11"
"SNRPD3",0.00510181027672097,0.290457636268283,0.368,0.17,"10","SNRPD3"
"NRD1",0.00513214672883119,0.58345352638803,0.263,0.08,"10","NRD1"
"XBP11",0.00525652760611195,0.4838054824273,0.474,0.225,"10","XBP1"
"MRPS21",0.00526156450814616,0.518660673596529,0.368,0.139,"10","MRPS21"
"PSMD4",0.00526441226049012,0.448798668892171,0.579,0.315,"10","PSMD4"
"NDUFB8.14",0.005422350284463,0.272706914887296,0.632,0.375,"10","NDUFB8.1"
"DDRGK1",0.0055247439676984,0.541635667023629,0.263,0.08,"10","DDRGK1"
"YY1",0.00556229021876966,0.255930987025,0.263,0.116,"10","YY1"
"RBMS1",0.0057876443681158,0.395659186751828,0.263,0.089,"10","RBMS1"
"CLTA4",0.00607921504304922,0.308876105727608,0.632,0.367,"10","CLTA"
"HSPD16",0.00615957055465589,0.294868136565267,0.5,0.264,"10","HSPD1"
"IDI11",0.00648957353703491,0.334010857901446,0.289,0.111,"10","IDI1"
"SRSF111",0.00658403720479718,0.281261746182704,0.368,0.189,"10","SRSF11"
"CCT33",0.00661637643540912,0.512912755132932,0.526,0.258,"10","CCT3"
"POMP4",0.00702900016586732,0.491398912395198,0.632,0.359,"10","POMP"
"CCT6A2",0.00706659800208958,0.277149335125022,0.421,0.213,"10","CCT6A"
"NQO21",0.00732917322809418,0.457223583452966,0.263,0.084,"10","NQO2"
"EMC4",0.00735405981137033,0.485756567809227,0.395,0.172,"10","EMC4"
"PSMB6",0.00737855589472161,0.42925516049703,0.658,0.379,"10","PSMB6"
"EIF2S22",0.00751032945889412,0.490566456351926,0.526,0.263,"10","EIF2S2"
"P4HB",0.00758522916229699,0.443301103356146,0.368,0.151,"10","P4HB"
"SUB13",0.00764430656859155,0.387321081928259,0.763,0.501,"10","SUB1"
"NDUFC1",0.00765542603815136,0.395617078967893,0.342,0.137,"10","NDUFC1"
"RBX11",0.00771909417803387,0.302022576246099,0.579,0.333,"10","RBX1"
"ATP6V0E13",0.00800537469803874,0.265474464214414,0.895,0.667,"10","ATP6V0E1"
"COMMD8",0.00809520890463305,0.294085374809821,0.289,0.135,"10","COMMD8"
"SEPHS2",0.00876642538822755,0.568442042177231,0.316,0.119,"10","SEPHS2"
"EMC61",0.00904235054141822,0.342538246222248,0.395,0.185,"10","EMC6"
"NDUFB4",0.00910917652885691,0.323529619778126,0.5,0.269,"10","NDUFB4"
"RTF1",0.00916937803906258,0.343215805914863,0.289,0.143,"10","RTF1"
"AURKAIP1",0.00939849158636272,0.381675451589884,0.579,0.317,"10","AURKAIP1"
